        50
       100
 2.90005830679695e+06        16
         3
         5
        10
        13
        15
        18
        19
        22
        23
        31
        34
        37
        40
        41
        44
        46
 2.70660572555771e+06        16
         1
         2
         7
         8
        12
        13
        17
        19
        24
        32
        34
        41
        44
        47
        48
        49
 1.93429950195814e+06         6
        23
        27
        34
        36
        46
        49
 2.44620631509848e+06         9
         9
        12
        16
        25
        32
        33
        34
        39
        43
 2.68671689154503e+06        14
         2
         4
         5
         7
         9
        12
        20
        25
        27
        32
        34
        36
        38
        48
 1.46534008474801e+06         3
        23
        34
        49
 1.78912773643098e+06         5
         6
        21
        29
        38
        50
 1.81291863499070e+06         8
         1
         3
         7
        12
        14
        16
        19
        39
 2.14327137930547e+06         9
        13
        16
        21
        28
        36
        42
        45
        46
        49
 2.92812283354019e+06        14
         1
         7
        10
        12
        15
        17
        19
        21
        30
        38
        39
        41
        43
        50
 3.17067630819665e+06        16
         1
         4
         7
        12
        13
        17
        23
        26
        27
        33
        35
        39
        41
        42
        43
        45
 1.87811250323138e+06         8
         3
         4
        11
        25
        26
        28
        31
        33
 2.21945120354244e+06        10
         1
         3
         4
        14
        26
        31
        37
        47
        48
        49
 7.18058782977289e+05         1
        47
 1.98646332768755e+06        11
         1
         6
        10
        16
        20
        21
        24
        38
        39
        41
        49
 3.25960256791202e+06        16
         1
         6
        24
        25
        26
        27
        28
        33
        35
        39
        40
        41
        42
        43
        47
        48
 2.89312269678643e+06        13
         2
         6
         7
         9
        15
        19
        20
        23
        30
        32
        42
        44
        45
 3.20839779145568e+06        14
         8
         9
        14
        17
        20
        27
        29
        34
        35
        39
        42
        44
        46
        49
 2.59732357941952e+06        13
         6
        13
        14
        19
        21
        24
        25
        27
        31
        35
        38
        42
        48
 2.05971423033526e+06         9
         6
        11
        14
        15
        21
        32
        41
        42
        44
 2.69880101611550e+06        16
         2
         3
         5
         7
        14
        17
        19
        22
        23
        25
        32
        36
        40
        42
        43
        47
 1.56184946370633e+06         4
         2
         4
         5
        40
 1.55124336978168e+06         4
        12
        16
        34
        49
 3.07849352629984e+06        14
         1
        10
        18
        23
        24
        25
        27
        28
        29
        33
        41
        42
        44
        48
 2.23384771307734e+06         9
         9
        10
        11
        16
        27
        34
        35
        37
        46
 1.63530639374847e+06         4
         9
        11
        43
        47
 3.20877902988528e+06        14
         1
         2
         5
         7
        17
        21
        26
        28
        29
        33
        34
        40
        48
        49
 1.18586842946831e+06         5
         8
        11
        16
        26
        49
 2.71704827463701e+06        12
         5
         7
        15
        21
        22
        25
        26
        31
        32
        39
        43
        46
 1.65962086882821e+06         4
        27
        42
        44
        45
 2.58432297970878e+06        13
         1
         9
        13
        17
        19
        21
        22
        23
        27
        33
        44
        45
        49
 1.13918811605646e+06         4
         1
         2
        14
        24
 2.26948306390039e+06        10
         3
        13
        17
        20
        30
        32
        40
        41
        46
        50
 2.11578569186128e+06         8
         2
         3
        11
        12
        41
        43
        44
        45
 1.24145726625920e+06         4
        18
        25
        29
        37
 1.64579919467881e+06         9
         5
         8
        23
        26
        33
        41
        45
        46
        49
 2.01663201177094e+06        10
         1
         5
         6
         9
        33
        34
        35
        44
        47
        50
 2.20317529432005e+06         8
         3
        11
        14
        15
        26
        35
        36
        41
 2.20946536330986e+06        10
         1
        18
        27
        28
        35
        37
        39
        42
        49
        50
 2.69877976655111e+06        11
         7
        12
        19
        21
        25
        30
        33
        35
        42
        45
        49
 8.96483817643266e+05         3
        33
        42
        44
 2.45246463797211e+06        12
         8
        10
        11
        12
        16
        19
        25
        33
        40
        42
        43
        45
 2.61275761105238e+06        15
         4
         5
         8
        10
        19
        26
        27
        30
        31
        35
        38
        39
        42
        46
        50
 2.46367256695648e+06        15
         4
         6
         8
        11
        12
        13
        14
        16
        20
        25
        26
        28
        29
        39
        50
 3.01201459726151e+06        12
         1
         2
         6
        13
        23
        25
        29
        30
        31
        36
        40
        43
 3.27713668029449e+06        16
         1
         3
         6
         8
         9
        10
        14
        15
        25
        27
        29
        34
        35
        40
        47
        49
 1.41311054997905e+06         4
        12
        29
        46
        48
 3.13650051130025e+06        10
        14
        18
        21
        25
        27
        32
        33
        36
        39
        45
 1.52332042878812e+06         9
         2
         3
        11
        18
        22
        23
        33
        36
        46
 2.53189988702931e+06        13
         1
         2
         4
         7
        14
        18
        19
        27
        31
        32
        38
        39
        50
 2.09839258793412e+06         9
         4
         5
         8
        15
        16
        29
        31
        33
        46
 1.56637304463629e+06         6
         5
        14
        15
        16
        30
        49
 2.86837094419605e+06        11
         3
         7
        16
        17
        19
        25
        34
        40
        43
        45
        49
 3.23289918049504e+06        16
         2
         8
        14
        16
        17
        20
        23
        24
        26
        34
        38
        40
        41
        44
        46
        47
 2.12879777130951e+06         7
         1
         3
         7
        13
        22
        28
        33
 1.72794394751315e+06         7
         2
         4
        13
        21
        45
        48
        50
 2.72027980198485e+06        10
         2
         4
         5
        15
        17
        22
        28
        38
        39
        44
 2.32088343087742e+06        10
         8
        14
        21
        22
        26
        28
        30
        33
        45
        48
 2.88750555088689e+06        12
         2
        10
        16
        20
        21
        27
        30
        33
        36
        38
        39
        45
 2.94441882179674e+06        14
         2
         6
         7
        17
        19
        22
        24
        26
        29
        34
        38
        41
        45
        46
 3.07363888528209e+06        10
         1
         7
        12
        15
        19
        21
        30
        32
        33
        44
 1.35096323474188e+06         3
        36
        44
        45
 1.13040555481335e+06         3
         5
        23
        34
 8.34303618932580e+05         2
         6
        46
 2.55880670490815e+06        15
         3
         6
         8
        13
        18
        19
        20
        27
        30
        33
        36
        42
        45
        46
        49
 1.31278225780386e+06         8
         7
         8
        11
        13
        24
        26
        45
        48
 2.08258658469781e+06         8
         7
        15
        22
        26
        31
        33
        48
        49
 2.61856906490275e+06        13
         1
        12
        15
        20
        24
        27
        29
        37
        38
        39
        41
        47
        49
 2.65429572607640e+06        11
         1
         6
        10
        25
        26
        29
        36
        38
        41
        42
        43
 8.57131745970589e+05         4
        18
        33
        38
        48
 2.65958588189119e+06        10
         4
        10
        18
        30
        32
        36
        40
        44
        48
        50
 1.63799900458463e+06         5
         2
        31
        32
        45
        50
 2.20008661797773e+06         8
         1
        12
        14
        18
        26
        33
        35
        45
 1.33890256859480e+06         4
        11
        12
        21
        45
 1.72073298698823e+06         4
        33
        35
        45
        47
 2.71274921739848e+06        15
         2
         3
        14
        16
        18
        28
        29
        31
        32
        33
        35
        36
        39
        47
        49
 2.64698078790276e+06        15
         1
         2
        10
        14
        17
        21
        25
        28
        31
        38
        41
        43
        45
        48
        49
 1.15059097132872e+06         3
        29
        38
        39
 2.73720549778268e+06        14
         1
         3
         5
        12
        13
        23
        24
        27
        34
        35
        43
        47
        48
        49
 2.97005665329907e+06        16
         2
         7
        10
        12
        15
        19
        22
        23
        29
        31
        32
        36
        37
        38
        40
        44
 2.53386348686468e+06         9
         2
         5
        11
        14
        16
        21
        27
        32
        36
 1.13838590216971e+06         3
        10
        11
        38
 9.72107062207460e+05         3
         9
        19
        23
 8.36113805528133e+05         1
        10
 2.29281061739783e+06        14
         2
         3
         9
        11
        12
        16
        18
        20
        24
        28
        29
        33
        38
        48
 2.21626127772493e+06        11
         4
         8
        16
        17
        24
        28
        34
        35
        37
        45
        50
 1.97847284685887e+06         9
        15
        18
        24
        32
        37
        39
        43
        47
        49
 5.05455557484533e+05         2
         9
        28
 2.37904048317005e+06        13
         3
         7
         8
        14
        19
        28
        33
        36
        37
        41
        45
        48
        50
 3.30461327384226e+06        16
         1
         8
        11
        13
        16
        19
        21
        22
        25
        29
        30
        33
        34
        41
        43
        48
 3.02642784222359e+06        16
         4
         5
         6
         8
        10
        13
        15
        16
        21
        25
        27
        28
        29
        33
        39
        50
 2.15290836518999e+06        10
         2
         3
         7
        18
        19
        25
        29
        30
        32
        50
 4.63022717909176e+05         2
        16
        43
 1.60323824352233e+06        11
         6
        11
        18
        19
        28
        31
        32
        35
        37
        47
        49
 2.14919821910683e+06        10
         1
         2
        10
        14
        22
        25
        30
        32
        34
        46
 1.59428817349631e+06         4
         7
        23
        28
        31
 2.12382732293387e+06         8
        16
        17
        18
        22
        27
        33
        34
        36
 2.77547838729454e+06        12
         1
         6
        13
        14
        16
        17
        18
        21
        24
        25
        29
        32
 2.36359263478635e+06         9
         3
         8
        12
        17
        31
        33
        34
        43
        45
 1.02684206448236e+06         5
        31
        38
        46
        49
        50
