       100
       200
 1.19200510870377e+06         2
        61
        72
 5.67160561492450e+05         2
        65
        78
 1.62303161902903e+06         7
         5
        31
        32
        40
        63
        68
        90
 1.18601140598415e+06         4
         8
        12
        54
        83
 1.18544297828709e+06         1
        81
 9.21301662546942e+05         2
        61
        99
 5.18617754828859e+05         3
        22
        60
        99
 1.44097987657288e+06         5
         5
        35
        59
        75
        77
 7.33881770730770e+05         6
        17
        18
        31
        58
        69
        70
 7.03621069226589e+05         1
        46
 1.63630310381586e+06         8
         5
        28
        35
        36
        68
        77
        79
        87
 2.01259882356790e+06         6
        23
        37
        55
        60
        70
       100
 1.11192935069219e+06         3
         3
        28
        44
 8.80940795236547e+05         2
        38
        85
 1.93405477198799e+06         8
         6
         7
        13
        20
        69
        84
        87
        95
 8.39279202756973e+05         1
        22
 9.49545717344879e+05         2
         9
        28
 1.08740041782862e+06         1
        73
 7.28734849646349e+05         3
         3
        40
        56
 9.32067900642437e+05         2
        49
        52
 1.76291217200211e+06         5
         4
        19
        48
        54
        86
 1.06126458366224e+06         3
        14
        72
        78
 1.37364936341193e+06         7
         2
         4
        22
        27
        95
        96
        99
 1.87325001561297e+06         4
         3
        39
        81
        85
 1.86132246464530e+06         7
         5
        19
        32
        45
        50
        52
        82
 1.77552989945601e+06         7
         4
        17
        19
        29
        59
        64
        88
 6.08055112644834e+05         1
        32
 1.18261332916614e+06         3
        17
        18
        95
 2.09721499427684e+06         8
         6
        34
        43
        54
        62
        67
        84
        90
 1.53638257754443e+06         7
        19
        24
        35
        50
        56
        60
        72
 1.72907664541396e+06         6
        36
        39
        57
        58
        85
        97
 8.68162727571277e+05         2
        66
        77
 1.60378159506206e+06         5
         9
        12
        14
        25
        83
 1.33434937175855e+06         5
        23
        24
        41
        55
        91
 1.59022842689150e+06         3
        48
        60
        84
 2.23289858699761e+06         7
         3
        30
        32
        33
        64
        71
        78
 9.71369577708952e+05         1
        41
 9.50574094526148e+05         4
         4
        46
        60
        83
 1.83013265937692e+06         7
         1
        16
        20
        24
        38
        44
       100
 1.44240215289412e+06         8
        12
        22
        23
        30
        42
        55
        64
        74
 1.49463475255139e+06         7
        10
        17
        49
        51
        69
        83
        90
 1.48589202030359e+06         4
         5
        61
        67
        70
 1.51827307562009e+06         7
         5
        14
        59
        65
        66
        75
        79
 1.53154680427443e+06         4
         3
        35
        61
        74
 1.92669244459270e+06         6
         4
        13
        47
        64
        67
        97
 1.02682001898649e+06         5
         4
        51
        65
        67
        85
 1.07104337055245e+06         5
         4
        16
        20
        44
        55
 1.22844312038605e+06         3
         8
        14
        90
 1.73935058186823e+06         7
         3
         4
        23
        27
        39
        45
        46
 1.98641107693038e+06         4
         9
        14
        26
        98
 1.43405328142736e+06         3
        29
        81
        97
 2.30031490477332e+06         7
        15
        26
        30
        45
        68
        87
        96
 8.18800558498864e+05         4
        22
        23
        37
        63
 7.23644812166853e+05         2
        45
        56
 1.50770473181917e+06         4
        48
        57
        58
        92
 9.93243122676494e+05         3
        20
        73
        94
 9.53132268647232e+05         2
        93
        98
 1.09946921015046e+06         3
        49
        88
        98
 1.63765376453450e+06         6
         4
        29
        55
        69
        90
        98
 1.21455103432225e+06         4
        35
        40
        45
        85
 1.41805235566307e+06         4
        14
        20
        73
        79
 6.71796764860640e+05         1
        42
 9.26381415717381e+05         2
        69
        87
 1.46684224637695e+06         5
        13
        37
        64
        69
        85
 1.53110192595057e+06         4
         4
        23
        77
        96
 8.28037645281037e+05         4
         4
        12
        18
        51
 1.08179072580991e+06         4
        23
        50
        62
        82
 1.77741434435529e+06         6
        12
        36
        43
        55
        87
        93
 1.72126984677824e+06         7
        42
        77
        78
        82
        84
        92
        94
 7.04229259102102e+05         3
        48
        60
        70
 1.37122275758536e+06         2
        25
        75
 1.42342813058508e+06         6
         5
        20
        31
        44
        81
        89
 4.30528263880549e+04         2
        58
        72
 1.03980175417150e+06         4
        18
        27
        33
        97
 2.97942024734254e+06         7
         3
        22
        39
        47
        79
        96
       100
 1.11694191131130e+06         1
        93
 5.21352274221345e+05         3
        37
        53
        65
 1.78994989369652e+06         6
        47
        52
        57
        73
        80
        99
 1.70450340825681e+06         7
         1
         7
        24
        44
        52
        58
        65
 1.86336261896175e+06         7
        40
        64
        65
        71
        78
        82
        95
 1.03111658538729e+06         4
        23
        36
        37
        58
 1.22478676591805e+06         2
        17
        56
 5.84965317582326e+05         5
        16
        22
        28
        75
        97
 1.93241505549736e+06         5
        11
        29
        55
        56
        72
 1.76966749398382e+06         7
        13
        14
        55
        57
        93
        95
        99
 1.29726617343391e+06         2
        26
        76
 8.63610695665600e+05         2
        71
        92
 1.66652720693612e+06         5
         4
        33
        52
        58
        87
 1.58064521274988e+06         6
        20
        27
        33
        35
        42
        97
 1.32932642631544e+06         4
         2
         7
        27
        87
 1.18043899050781e+06         6
        27
        49
        79
        83
        88
        99
 1.04863018338009e+06         4
        29
        58
        78
        89
 1.99994979313845e+06         6
        14
        22
        50
        69
        77
        81
 4.74574869528496e+05         2
        28
        62
 9.46701559005997e+05         1
        39
 1.00741488941104e+06         1
        41
 2.06947468853387e+06         8
        15
        19
        52
        58
        59
        62
        86
        94
 9.95401514932232e+05         3
        42
        87
        88
 1.34859025129371e+06         1
        41
 1.14169746323692e+06         6
        14
        33
        41
        54
        71
        90
 1.95510608505489e+06         8
         5
         7
        28
        49
        61
        72
        74
        85
 1.05945815329995e+06         5
        12
        20
        35
        46
       100
 2.10283249957864e+06         7
        51
        70
        81
        82
        84
        86
        87
 8.36394144326239e+05         1
        31
 9.54605570561302e+05         2
        54
        89
 1.68667772090518e+06         6
        12
        29
        49
        61
        70
        89
 1.49503978534221e+06         4
        48
        59
        74
        84
 1.71741765426658e+06         3
        56
        87
        96
 1.45038959856074e+06         1
        20
 1.59376327802011e+06         6
         4
        13
        19
        73
        78
        89
 1.64089879496078e+06         5
        19
        42
        44
        57
       100
 1.72880362890046e+06         3
         3
        50
        58
 1.19896193678889e+06         7
        12
        36
        37
        80
        89
        91
        95
 1.19916914340531e+06         6
         4
        20
        73
        87
        99
       100
 5.62173067930598e+05         1
        44
 1.39910335380369e+06         8
         8
        29
        41
        50
        51
        54
        67
        97
 1.51289284036692e+06         6
        29
        44
        52
        58
        78
        82
 5.64650029910329e+05         1
        65
 7.32412661933551e+05         2
        91
        93
 1.03258584241941e+06         4
        18
        25
        43
        54
 1.15409629794015e+06         7
         7
        12
        22
        65
        73
        78
        90
 6.98963930160639e+05         2
        44
        95
 7.42194177440428e+05         3
        10
        44
        54
 1.14702286105403e+06         3
         1
        22
        27
 1.24459781901913e+06         2
        73
        76
 2.98154434524116e+05         1
        58
 5.57756151822640e+05         2
        75
       100
 1.72352290295455e+06         5
        28
        35
        52
        60
        91
 1.01099761500775e+06         3
        38
        43
        72
 1.13361518390332e+06         5
        17
        23
        37
        49
        72
 1.21891230913691e+06         5
        25
        54
        62
        68
        92
 2.04676517480213e+06         8
         2
         4
        15
        26
        80
        84
        85
       100
 1.13563649867156e+06         2
        25
        87
 1.26765088809060e+06         4
         8
        34
        64
        72
 1.21160418471934e+06         4
        12
        40
        71
        93
 8.47659146597110e+05         3
        63
        71
        92
 1.49961172731948e+06         7
        34
        58
        59
        75
        82
        84
        90
 1.03447201420983e+06         3
         5
        24
        95
 1.50192254956508e+06         7
        12
        18
        28
        36
        44
        83
        92
 5.03446350861738e+05         2
         7
        20
 1.61624391217432e+06         5
         5
        12
        24
        31
        81
 1.86017606241354e+06         8
        22
        33
        36
        43
        48
        49
        66
        92
 2.04268496077809e+06         8
        11
        13
        39
        47
        65
        68
        83
        85
 2.07229725344909e+06         8
         6
         7
        29
        43
        44
        78
        84
        90
 9.26938797545632e+05         1
         1
 1.31329573341853e+06         2
        30
        41
 1.14213331267438e+06         5
         7
        13
        38
        88
        92
 6.64685862525700e+05         1
        90
 8.80940795236547e+05         2
        38
        74
 1.90941065264797e+06         3
         8
        60
        76
 6.12943418669014e+05         2
        50
        58
 2.46746195244668e+06         7
        39
        41
        42
        46
        61
        84
        88
 1.29762246674089e+06         4
        14
        44
        88
        94
 1.87177852250058e+06         7
        14
        24
        33
        36
        46
        50
        81
 4.06385379229596e+05         1
        62
 1.31444207081003e+06         6
        12
        21
        36
        52
        89
        90
 1.18289204346117e+06         3
        35
        82
        90
 1.13296369279353e+06         3
         7
        70
        74
 9.57847379569607e+05         2
        30
        94
 1.06058692544569e+06         3
        13
        74
        86
 1.34271687219639e+06         3
        44
        68
        76
 1.37145732462875e+06         4
        48
        70
        92
        95
 1.75936184141742e+06         7
        14
        38
        40
        78
        84
        90
       100
 1.58624180631730e+06         6
        29
        30
        59
        86
        91
        97
 2.04229174732983e+06         6
        13
        42
        55
        61
        71
        98
 1.10063892787184e+06         3
        12
        35
        54
 1.12752058672853e+06         3
        57
        68
        79
 9.28075395291197e+05         1
         9
 1.67008590538227e+06         8
         4
        14
        42
        54
        90
        92
        94
       100
 1.50528751943311e+06         7
        13
        16
        45
        54
        57
        59
        73
 7.51142224951163e+05         3
        60
        79
        83
 2.30758429735285e+06         7
         6
         8
        16
        23
        59
        71
       100
 1.17828110710518e+06         2
        41
        52
 1.20447966838150e+06         6
        10
        20
        32
        33
        35
        50
 8.18353636937289e+05         1
        27
 2.00900079869970e+06         6
        39
        57
        77
        78
        93
        97
 2.43213152683661e+06         8
         6
         7
        20
        26
        40
        66
        69
        85
 1.43811346821243e+06         5
        10
        38
        42
        49
       100
 1.08139909214256e+06         1
        15
 2.01592684170206e+06         7
        31
        35
        48
        56
        63
        90
        97
 5.63893301082873e+05         3
         1
        36
        99
 1.58757170347769e+06         5
         9
        19
        28
        94
        99
 1.25756706440318e+06         2
        39
        91
 1.81046095274891e+06         8
         7
        24
        25
        66
        69
        73
        87
        97
 1.45136847299713e+06         7
        10
        21
        35
        66
        68
        72
        75
 1.53570848373537e+06         3
         8
         9
        52
 1.29120543136736e+06         4
         4
        44
        56
        63
 1.24435535148394e+06         1
         8
 1.06893583103430e+06         4
         9
        42
        45
        52
 1.82550910156523e+06         6
        14
        25
        41
        45
        59
        73
 3.05162434346038e+05         2
        43
        52
 1.80591960887702e+06         7
         5
         6
        11
        18
        55
        61
        93
 1.98916092589582e+06         8
         1
         3
         5
        12
        24
        40
        56
        88
 1.04456688151112e+06         3
         8
        16
        24
 8.29181822387378e+05         3
         4
        23
        79
 1.54747120162745e+06         6
         2
         9
        10
        22
        69
        96
 1.25615655704404e+06         1
        81
 1.57994316085738e+06         2
        14
        37
 1.32397628205985e+06         7
         2
         4
         5
        41
        55
        86
        88
 1.68243223932507e+06         5
         5
         6
         9
        80
        82
