       200
       500
 4.04023300255072e+05         1
       172
 1.35636133845151e+06         7
        27
        33
        47
        73
       119
       157
       163
 6.56748579657345e+05         1
        26
 2.09501714779031e+06         6
        37
        78
       126
       154
       160
       165
 1.00119934477898e+06         4
        16
        55
       120
       148
 1.57615940861795e+06         5
        56
       102
       112
       150
       165
 8.87309363663858e+05         5
        58
        80
        94
        96
       178
 1.48155768497399e+06         7
         2
        10
        13
        25
        98
       158
       160
 1.74913133651210e+06         8
        27
        36
        68
        80
       138
       139
       155
       186
 1.53778306127082e+06         4
        15
       120
       131
       195
 1.59396774404553e+06         6
        18
        27
        38
       147
       173
       187
 8.63388853196519e+05         2
        62
       108
 7.16371398518907e+05         3
        45
        46
       138
 1.37071419142608e+06         3
        68
       105
       109
 5.84633101352965e+05         1
       190
 9.14114282955927e+05         4
        13
        28
        66
        84
 1.55672984989914e+06         8
        11
        43
        50
        54
        93
       135
       155
       194
 6.77258058423818e+05         2
         4
        13
 1.72210341364799e+06         5
        19
        48
        52
        95
       187
 1.27194342571140e+06         5
        17
        51
        70
        84
       183
 1.45685087022724e+06         5
        52
        74
       111
       121
       137
 1.32772347446489e+06         4
        63
       108
       165
       197
 2.09942812987142e+06         8
        16
        75
        79
        90
       118
       119
       152
       169
 7.82093658716504e+05         2
        21
       123
 2.38402581993603e+06         8
        36
       100
       108
       132
       148
       165
       178
       189
 1.79890038662968e+06         8
        63
        67
        96
       102
       111
       115
       159
       184
 6.80509449737406e+05         2
        23
       121
 1.03698730883063e+06         3
         6
        91
       185
 3.86419880047523e+05         1
        57
 4.65110998705453e+05         1
       150
 1.80869136081839e+06         7
         1
        14
        26
        60
       102
       105
       159
 1.38487436415302e+06         5
        47
       123
       143
       148
       165
 7.76177813665253e+05         1
       138
 2.02431515004193e+06         7
        57
        59
        88
       129
       138
       177
       200
 1.74553542924648e+06         6
        72
        81
        87
       104
       111
       147
 5.88791225418630e+05         1
       135
 6.75131796383848e+05         1
       114
 1.46701218988814e+06         4
        74
        85
        94
       108
 1.71668613627489e+06         7
        11
        34
        96
       122
       150
       192
       198
 2.15556105184225e+06         8
         3
        20
        43
        46
        69
        72
       140
       200
 1.15405493259377e+06         2
       119
       170
 1.80988430884965e+06         7
        19
        38
        90
        99
       105
       108
       124
 1.43238670508699e+06         7
        64
        82
        86
       143
       149
       168
       197
 4.22081901500925e+05         1
       190
 1.70597235070779e+06         7
        16
        17
        64
        91
       171
       192
       195
 1.68485756243367e+06         6
        36
        50
        88
        95
       101
       123
 1.70566329799216e+06         6
         4
        74
       114
       120
       129
       152
 1.98408969542211e+06         6
        10
        69
        87
        93
       191
       193
 2.19534997779739e+06         8
         3
        27
        28
        52
        85
       101
       146
       193
 1.21721175804738e+06         4
        50
        71
        91
       186
 1.64397261929421e+06         6
        25
        27
        90
       131
       137
       142
 2.01677796113665e+06         8
        19
        32
        62
        80
       134
       138
       165
       182
 1.67949044633117e+06         5
        12
        25
       136
       145
       200
 1.31488283823956e+06         5
        52
        99
       105
       109
       189
 1.35435677980573e+06         4
        62
        76
       104
       155
 1.19487652646475e+06         6
        19
       129
       150
       177
       181
       194
 1.69072279115589e+06         5
         2
       123
       134
       141
       160
 1.77634409303335e+06         4
         1
        49
       114
       117
 1.75068246711653e+06         4
         8
        57
       116
       147
 2.23178913625656e+06         8
         4
        26
        40
        68
       131
       133
       165
       175
 8.30331014823787e+05         3
        54
       107
       190
 1.26638687494939e+06         6
        49
       103
       107
       129
       140
       141
 8.20868543125617e+05         2
       140
       142
 1.71850136563700e+06         5
        32
        36
        53
       136
       157
 1.79408868566574e+06         4
        40
       103
       117
       179
 1.17460938185873e+06         3
        89
       154
       195
 7.36037977586484e+05         2
       119
       175
 1.43108538366584e+06         6
        97
       120
       127
       143
       165
       196
 9.89362789643339e+05         4
        96
       130
       141
       188
 9.89951076332113e+05         4
        22
       155
       162
       187
 1.73114440304446e+06         6
         9
        26
        71
        94
       114
       185
 2.14573119880675e+06         8
        47
        51
        78
        95
       103
       105
       134
       188
 1.72507655425045e+06         8
        32
        47
        98
       115
       119
       143
       178
       196
 1.73499092186094e+06         5
         5
        40
       113
       149
       168
 1.18284479926888e+06         3
        40
        61
       187
 9.34243760895520e+05         1
        43
 7.60963429631972e+05         1
       168
 2.68228002670478e+06         8
         7
        18
        20
        53
       157
       158
       172
       185
 1.97858225770045e+06         6
        65
        82
       100
       153
       179
       189
 1.85697105164990e+06         8
        22
        31
       110
       129
       137
       155
       182
       185
 1.35837335067951e+06         4
        17
        66
       101
       140
 9.94022010818867e+05         3
        33
        77
       200
 2.05677042862311e+06         6
        23
        74
        90
       104
       119
       147
 1.55228721659548e+06         7
        20
        40
        42
        53
        70
        98
       123
 1.24656067689468e+06         3
        88
        92
       140
 1.23882135711889e+06         3
       133
       139
       189
 1.68438222489621e+06         8
        65
        87
        96
        99
       111
       143
       163
       170
 1.12200897045607e+06         1
        17
 1.60726556294282e+06         8
        41
        43
       111
       130
       143
       167
       183
       195
 6.77258058423818e+05         2
         4
        15
 1.36274745881593e+06         6
        19
        34
        65
       102
       134
       190
 1.32418898885393e+06         6
        17
        38
       105
       133
       150
       195
 1.89809256806077e+06         7
        50
        55
        58
       153
       176
       190
       191
 1.14951272522160e+06         7
        35
        41
        90
       158
       168
       175
       192
 1.52227671124553e+06         7
        16
        65
        76
       103
       157
       187
       191
 2.10320132013275e+06         7
        51
        72
       110
       120
       127
       147
       184
 2.07523162039665e+06         8
        26
        28
        42
        58
       107
       146
       172
       199
 9.73042182221775e+05         5
         2
        59
        66
        93
       161
 9.69547695577628e+05         3
        48
        81
       148
 6.62855015682917e+05         1
       148
 1.82311119822362e+06         8
        31
        49
        69
        83
        85
       146
       176
       180
 1.06833783124321e+06         1
        98
 1.52237656686582e+06         7
         1
        43
        45
       109
       111
       154
       197
 1.40345844527277e+06         7
        23
        56
        65
        93
       154
       156
       175
 1.48552162883378e+06         5
        36
        51
        99
       166
       171
 2.72476758338106e+06         8
         1
        32
        53
        57
        81
        85
       117
       159
 1.34029622027533e+06         3
        19
        64
        75
 2.15488742734524e+06         8
         1
         5
        17
        46
        81
       106
       141
       198
 1.35847967346896e+06         5
        28
       153
       161
       173
       186
 2.89698210543317e+05         2
        31
       155
 8.06360046946341e+05         3
         6
       115
       191
 8.74379073376263e+05         3
        65
       122
       129
 4.26706081438049e+05         1
        63
 1.13559040454781e+06         3
        81
       151
       193
 1.46355195193400e+06         1
       124
 1.56816042481388e+06         5
        32
        78
        94
       101
       176
 7.48691344286049e+05         1
        66
 1.16398775044101e+06         4
        50
        60
        85
       113
 1.15405493259377e+06         2
       119
       122
 1.31202643476570e+06         5
        12
        34
       111
       122
       144
 1.28829839903035e+06         4
        11
        49
        79
       105
 1.27133441030803e+06         3
         9
        45
        91
 1.41981107337448e+06         5
        37
        76
        92
       114
       164
 1.32298733976360e+06         8
        18
        38
        90
        95
       107
       135
       174
       198
 1.54993192283073e+06         7
        22
        63
        66
        97
        98
       181
       185
 9.22067620099747e+05         4
         7
        85
       121
       187
 1.00082998379145e+06         2
        28
       115
 1.65649536518124e+06         7
        12
        36
        50
        56
        81
       172
       189
 1.62991003423733e+06         5
        16
        69
        71
       146
       199
 1.12478436124806e+06         1
        20
 6.80896604222486e+05         2
        45
        56
 8.28797770179711e+05         3
        12
        17
        41
 1.51169660846949e+06         5
        42
        88
       142
       156
       167
 1.54394372673895e+06         7
        18
        28
        38
       105
       126
       135
       170
 2.10514238066149e+06         6
        40
        60
        94
       103
       162
       193
 1.35261878383299e+06         7
        19
        26
        32
        42
       112
       137
       168
 1.65447759403087e+06         7
        26
        49
        78
       112
       140
       150
       162
 7.99395299860382e+05         3
        68
       133
       143
 1.63259556018365e+06         6
        35
        63
        90
       155
       157
       184
 1.51197099967734e+06         7
        19
        46
        84
       143
       171
       195
       197
 7.72061149339573e+05         4
        56
        59
       109
       144
 1.73326808948364e+06         6
        36
        53
        74
       100
       120
       177
 7.52238396020836e+05         2
        39
       138
 6.97977625562965e+05         1
        34
 2.07478334407173e+06         8
        28
        71
        81
        82
        84
        91
        99
       100
 1.95797859268257e+06         7
        46
        79
        91
        95
       111
       142
       151
 7.17073250155742e+05         3
         6
       135
       166
 8.13552574991930e+05         2
        25
        85
 7.84525912817306e+05         3
        16
       148
       149
 9.56884236897268e+05         1
       104
 1.84493936477778e+06         8
         9
        37
        74
        95
       102
       103
       145
       184
 1.79051274027264e+06         8
         5
        28
        41
        88
       132
       161
       191
       196
 1.48021379656942e+06         5
        64
        76
       130
       140
       144
 2.42132598398643e+06         8
        69
        78
        80
       100
       141
       197
       199
       200
 1.30279572969223e+06         3
       105
       149
       189
 1.67837960271901e+06         6
         8
        22
        23
       109
       147
       179
 3.92371824319739e+05         2
        71
        76
 7.63857498159047e+05         1
        67
 1.58954986949262e+06         6
        22
        32
        42
        61
        80
        83
 7.14823131799418e+05         4
        38
        46
       141
       168
 1.15189341575940e+06         5
        36
        44
        64
       107
       167
 1.44594585964097e+06         5
        77
        88
        99
       154
       171
 1.61423251070730e+06         7
        52
       129
       135
       140
       162
       167
       171
 1.06754097008418e+06         5
        13
        20
        44
        48
       170
 1.10339227108042e+06         2
       118
       123
 7.01416227671105e+05         3
        31
        34
       143
 1.92583590543111e+06         8
         3
        80
        85
        95
       108
       121
       133
       183
 2.08621700786182e+06         6
        18
        69
        74
        80
        86
       108
 1.41974409492468e+06         3
       130
       143
       157
 1.81341453071248e+06         5
        12
        81
        86
       125
       126
 7.64719676851336e+05         3
        26
       120
       164
 5.06614780119488e+05         4
        41
       108
       112
       145
 1.59121187086208e+06         7
        11
        19
        23
        80
       154
       175
       178
 8.19623408908068e+05         2
       131
       166
 1.45158591284635e+06         4
        43
        64
       105
       160
 1.41489398366795e+06         7
        42
        51
        73
        89
       107
       154
       192
 9.82897135882959e+05         3
        94
       134
       141
 1.54126231797489e+06         7
        71
       102
       124
       133
       138
       159
       191
 1.56601596629888e+06         7
         4
        11
        28
        89
       143
       152
       184
 9.93093791008335e+05         1
       139
 1.45970653092349e+06         6
         2
        13
        27
        51
        55
       195
 1.56316795730662e+06         6
        22
        45
        68
        76
       162
       200
 1.38645927161544e+06         6
         7
        59
        63
       128
       134
       137
 1.00571949151170e+06         3
        56
       135
       181
 1.64568476428777e+06         8
        53
        61
        93
        97
       120
       136
       156
       164
 1.68513620590669e+06         6
         9
        36
        46
        99
       108
       180
 1.86177853424058e+06         5
        76
       117
       139
       148
       161
 1.31643780041069e+06         3
        39
       157
       168
 1.32008472321806e+06         4
        20
        64
        87
       134
 1.06277067361491e+06         4
        36
        71
       107
       121
 1.02789419682353e+06         3
        55
       118
       169
 2.10728173332883e+06         7
        16
        47
        84
       102
       118
       151
       186
 2.12624198285028e+06         8
        49
        54
        64
        86
       148
       150
       158
       161
 1.87768084218500e+06         8
        20
        27
        43
        47
        67
       135
       141
       175
 9.50194336726653e+05         5
        38
        63
        64
        69
       129
 2.16021925179160e+06         8
        33
        91
        94
       138
       161
       185
       189
       200
 4.46336888120550e+05         1
        74
 1.69550667398964e+06         7
         7
        35
        67
       101
       140
       173
       187
 1.82513295315150e+06         7
        69
        99
       119
       134
       141
       169
       190
 1.01047102051816e+06         2
        82
       186
 7.53183900697046e+05         2
        89
       172
 2.05434060513276e+06         8
        16
        20
        23
        30
        37
        79
       101
       172
 1.59410936364228e+06         2
        87
       153
 1.69281726481622e+06         6
        11
        38
        75
       124
       154
       178
 1.25779749336402e+06         2
       173
       199
 1.56484418345415e+06         7
         6
        37
       144
       158
       167
       194
       198
 3.28463554394222e+05         1
       143
 3.36288296605987e+05         1
        68
 1.99798448700152e+06         7
        96
       141
       165
       177
       185
       190
       191
 1.14465076333573e+06         2
        32
        43
 1.17011217469238e+06         1
       127
 1.59290446917836e+06         8
        55
        79
       107
       124
       136
       171
       176
       193
 1.99626060239934e+06         6
        71
        76
       134
       143
       154
       158
 1.44222305765343e+06         8
        39
        48
        64
        77
        91
        96
       118
       137
 2.03293821976201e+06         8
        14
        15
        36
        49
       110
       149
       186
       187
 1.26198587006773e+06         5
        54
       119
       143
       156
       186
 1.39067242893036e+06         7
         4
        16
        27
        67
       111
       163
       181
 1.47397603330553e+06         5
       108
       175
       176
       177
       183
 1.81906891021089e+06         7
        10
        24
        68
       104
       160
       181
       200
 8.79456621666745e+05         2
        93
       157
 1.80476452308645e+06         6
         9
        49
        92
        94
        96
       155
 9.43963737138090e+05         1
        24
 1.25223270325128e+06         2
        35
       175
 9.25466609737952e+05         3
       172
       176
       200
 6.11312549572625e+05         1
        85
 5.72216606822976e+05         2
        68
       150
 1.04074518096105e+06         4
        88
       102
       113
       187
 1.78696960750218e+06         6
        49
        51
        55
       115
       183
       192
 1.65157685419020e+06         5
        20
        62
       147
       173
       199
 1.47714057051255e+06         1
        81
 9.75811580887914e+05         3
        16
        55
       144
 1.31329894598654e+06         4
        22
       128
       133
       198
 6.63878963036036e+05         2
       133
       163
 1.62194609997768e+06         5
        16
        51
       131
       142
       147
 1.24085085622891e+06         1
         8
 1.31468832888752e+06         5
        47
        60
        65
        71
        72
 1.61646433682472e+06         6
         2
        17
       144
       181
       183
       189
 1.80358715640623e+06         6
        25
        29
        56
        66
       100
       181
 2.01528879392504e+06         7
        26
        35
        77
        87
       104
       126
       154
 1.14826487745095e+06         1
        59
 1.87986159999134e+06         5
         5
        39
        52
        94
        98
 2.00256547386900e+06         8
        14
        19
        47
        58
        96
       160
       172
       193
 1.27021049278195e+06         5
        10
        28
        59
       150
       172
 1.49179700907593e+06         8
        42
        58
        64
       104
       120
       140
       171
       196
 5.14785355875631e+05         2
       176
       180
 8.87192724849090e+05         3
        11
        52
       164
 9.78592063403732e+05         3
        14
        52
       129
 1.82598301923344e+06         6
        26
        34
        81
       107
       149
       169
 7.85941290504538e+05         1
        33
 1.91452881672732e+06         8
        70
        87
       111
       128
       131
       173
       196
       199
 1.97620294304935e+06         8
        30
        52
        68
        93
        98
       146
       151
       170
 6.77855651167867e+05         4
         5
        42
        80
       187
 6.10241939188484e+05         1
        88
 1.22774393573416e+06         2
        66
        99
 2.22257078786974e+06         6
         4
        63
        67
        92
       190
       195
 1.23594295180148e+06         6
        46
        81
        93
       147
       173
       181
 1.72122712267382e+06         2
         1
       165
 9.07883372308854e+05         1
        75
 5.96103506284896e+05         4
        37
       106
       134
       156
 6.25009147193778e+05         3
        39
        50
        71
 6.52402671861537e+05         3
        13
        33
       200
 1.91620406658250e+06         6
         1
        94
       114
       157
       161
       167
 1.88198438914232e+06         7
         3
        14
        75
       100
       149
       159
       168
 3.29216058394653e+05         1
       175
 1.26404284558512e+06         7
         6
       138
       144
       162
       169
       175
       189
 1.15656561543606e+06         5
        13
        51
       131
       171
       196
 2.20293936848546e+06         7
        34
        72
        75
        95
       100
       117
       193
 1.04236239083521e+06         7
         7
        70
       125
       135
       137
       187
       196
 5.47498932183768e+05         3
        56
        87
       194
 8.74522505306882e+05         1
       103
 1.50644255913125e+06         6
        32
        43
       118
       166
       170
       172
 1.67712140785626e+06         8
         2
         7
        28
        33
        64
        83
       163
       168
 8.71015872435872e+05         2
        97
       176
 1.42935870102445e+06         7
        58
        66
        69
        78
        94
        98
       170
 2.07541617135556e+06         6
        26
        29
       111
       121
       146
       195
 1.49857599995007e+06         8
        12
        47
        65
        71
       120
       142
       162
       197
 7.85549542432024e+05         2
       100
       161
 8.22302263785508e+05         1
        35
 2.29068317480372e+06         6
        35
        49
        82
       108
       120
       153
 1.05891971126325e+06         6
        12
        31
        79
       137
       143
       200
 1.30405373589719e+06         5
        43
        46
        78
       171
       187
 1.01480320552082e+06         3
        21
        27
       112
 5.72216606822976e+05         2
        68
       141
 1.25292355773677e+06         3
        15
        45
        53
 2.41726037659974e+06         7
         4
        33
       118
       123
       124
       136
       166
 1.50654794563563e+06         8
         4
         7
        54
        56
        66
       144
       160
       162
 9.31866013404222e+05         3
        41
        71
       199
 7.34079740129829e+05         2
         7
        96
 1.54983958300030e+06         5
        12
        30
       105
       129
       189
 2.20732308665687e+06         7
        10
        40
        94
        97
       131
       152
       191
 4.78458731931398e+05         2
        39
       177
 2.04980498313935e+06         5
        36
       101
       118
       119
       153
 1.75421167867450e+06         4
         6
       100
       101
       157
 1.95454186843076e+06         7
        10
        97
       122
       138
       150
       157
       178
 1.45439137351696e+06         8
        31
        59
        77
        80
       113
       118
       161
       196
 1.66518131584728e+06         3
         2
        33
       100
 1.41930683832039e+06         6
        30
       135
       173
       186
       190
       198
 6.37153827153387e+05         1
         4
 1.56895517237823e+06         3
       142
       153
       178
 2.34709096240431e+06         8
         5
        51
        88
       121
       132
       146
       154
       185
 9.70282097062726e+05         1
        93
 2.20601775183761e+06         6
        39
        79
        88
       115
       173
       189
 8.92720255519961e+05         4
        10
        73
       168
       188
 1.43084302101943e+05         2
       106
       110
 1.99851332912365e+06         8
        15
        45
        61
        86
        89
       100
       142
       148
 1.50586155437507e+06         6
        73
        84
        88
       159
       162
       188
 6.55174276091866e+05         3
         9
        28
       106
 1.43016262665848e+06         8
         7
        46
       121
       126
       135
       166
       186
       200
 1.24304421408804e+06         3
        30
        87
       139
 1.15378467323159e+06         5
        56
       116
       168
       174
       180
 9.15669977244616e+05         4
        73
       139
       152
       171
 2.04877291963348e+06         7
        40
        72
        89
        95
       118
       151
       170
 8.35373526658854e+05         1
       107
 6.31886093043605e+05         1
       170
 1.35682618207902e+06         5
        28
       151
       178
       185
       197
 1.74272335654638e+06         5
       135
       137
       146
       151
       168
 2.03590981171924e+06         8
        38
        49
        60
        93
       105
       153
       188
       196
 1.19809103844222e+06         3
        90
       130
       149
 8.29882824866258e+05         2
        26
       103
 1.64989438623595e+06         6
        31
        90
        92
       100
       105
       157
 1.37518979813532e+06         7
        25
        27
        28
        39
        51
       116
       164
 1.15288480471237e+06         6
         6
        16
        74
       150
       195
       199
 1.84412469024752e+06         7
        45
        76
        82
        90
       110
       167
       197
 8.16783699674716e+05         4
        46
       103
       106
       182
 2.20659644866341e+06         8
        85
        86
       102
       104
       137
       164
       184
       188
 5.83561807363061e+05         2
        42
       190
 1.57041076272516e+06         6
        65
        75
        92
       100
       130
       163
 1.64774578588715e+06         6
        55
        61
        92
        97
       161
       173
 2.36409964428759e+06         8
        17
        37
        38
        90
        91
       159
       163
       172
 1.50115614095546e+06         4
        24
       108
       125
       146
 1.35239258825127e+06         1
       103
 1.34208150248945e+06         4
        13
        84
       100
       148
 1.02547962122787e+06         4
        68
        77
        82
       150
 1.45483796694529e+06         7
        26
        28
        29
        61
        63
        74
       200
 1.11172543014880e+06         3
        46
       105
       147
 1.57322586333551e+06         4
        17
        97
       101
       175
 1.11830391858661e+06         2
        59
       200
 1.49762665284003e+06         5
         8
        28
        40
        45
       191
 1.22196640420051e+06         5
        52
        66
        93
       161
       184
 1.00611599772185e+06         3
        73
       141
       183
 1.57904844958855e+06         2
       101
       170
 1.45501140099124e+06         8
         8
        48
        55
       127
       130
       163
       167
       175
 1.48058312972547e+06         7
        40
       111
       114
       119
       120
       150
       155
 8.18697924212196e+05         1
        26
 7.24098242347216e+05         2
        22
       130
 1.85263826383133e+06         8
        32
        76
        93
       107
       151
       152
       175
       182
 7.41888226630107e+05         2
        59
        76
 8.29882824866258e+05         2
        26
       122
 8.66262692886856e+05         3
       133
       155
       198
 8.36034962802891e+05         3
         7
        12
       193
 1.62367301667900e+06         4
        13
        79
        81
       121
 1.78022069235909e+06         6
         7
        76
       109
       130
       164
       165
 1.32033267050339e+06         3
        10
        12
       158
 4.05609650698797e+05         2
        51
       145
 1.76499422208224e+06         4
        30
        40
       166
       174
 2.27305725428318e+06         6
         5
        10
        39
       102
       119
       193
 1.43073956414272e+06         5
        87
       126
       157
       166
       187
 1.83325675187598e+06         7
        20
        21
       141
       167
       175
       176
       180
 2.10103977239517e+06         6
        22
        60
        83
       103
       114
       139
 1.40336095572616e+06         4
        65
        74
       168
       178
 1.38552694017477e+06         6
         7
        14
        46
        74
        95
       110
 1.19222522270953e+06         4
         6
        17
       136
       189
 1.76302706911544e+06         8
         4
        21
        56
        88
        93
       101
       107
       143
 1.08658303863960e+06         5
        31
        38
        76
       104
       140
 7.00945012318019e+05         1
        61
 4.61072074470442e+05         1
        63
 1.24252880995044e+06         5
        55
        77
        97
       142
       199
 1.49714111668777e+06         3
       117
       136
       138
 7.81826409388219e+05         2
        52
        56
 1.23148695980460e+06         5
        20
        84
       114
       175
       190
 1.50522391089968e+06         4
        69
        90
       109
       198
 1.32343445620389e+06         4
        16
       108
       116
       144
 1.67995986902993e+06         6
         3
        51
        72
       105
       110
       170
 1.49327169635062e+06         8
        26
        63
       100
       112
       139
       163
       164
       195
 1.16523505434516e+06         1
       122
 8.47245201307380e+05         4
        30
        38
        58
        71
 1.83380694223081e+06         5
        75
       136
       149
       177
       178
 8.82597375868567e+05         3
        47
       133
       192
 2.12431641092608e+06         8
        33
        48
        63
        86
        88
       105
       145
       178
 8.03209711930580e+05         2
        75
       155
 1.75655590491753e+06         8
         4
        68
        86
        92
       129
       141
       172
       178
 6.80279180144548e+05         3
        25
        58
       129
 1.60796554444727e+06         6
        27
       104
       118
       159
       179
       185
 1.15165873754557e+06         5
        12
        20
        44
        56
        79
 1.91747544509438e+06         6
        53
       103
       114
       122
       140
       184
 4.01404349884484e+05         1
        94
 9.41251869043065e+05         1
         8
 1.94522830263908e+06         8
         4
        41
        65
       102
       104
       147
       188
       192
 1.42255362193813e+06         3
        45
       159
       199
 9.36270314804030e+05         1
        36
 1.14762091314250e+06         1
       138
 7.68557905949583e+05         1
        79
 5.82921430344170e+05         3
        48
        70
       194
 1.78029403226366e+06         8
        67
        75
        77
        84
        85
       103
       124
       140
 7.41999756142817e+05         2
        33
        47
 7.52238396020836e+05         2
        39
       164
 1.32179235242904e+06         4
        20
       122
       174
       196
 3.68349108123146e+05         1
       145
 1.23781682973547e+06         3
         9
       111
       191
 9.48897483609263e+05         5
        16
        25
        61
       141
       192
 1.93448686045521e+06         5
        26
        88
       102
       138
       163
 2.01989493441885e+06         6
         9
        13
        22
        63
        70
       127
 1.08742093854955e+06         7
        55
        71
       105
       125
       132
       139
       149
 2.28181268261510e+06         6
        17
        40
        92
       121
       198
       200
 4.01192889752548e+05         2
        46
       175
 5.21156380331094e+05         2
        18
        26
 5.72216606822976e+05         2
        68
       168
 9.01883923744188e+05         4
        16
        25
        96
       158
 2.21379137882328e+06         8
         5
       103
       108
       121
       127
       165
       168
       177
 9.27403119851889e+05         1
       182
 1.38381058996575e+06         2
       103
       108
 1.12365900010641e+06         3
         9
       128
       165
 1.76620624244264e+06         6
         2
        18
        20
        25
       167
       191
 2.37176878119682e+06         7
         5
        39
        57
        97
       114
       119
       182
 6.62259657504907e+05         1
        93
 1.72278206019461e+06         7
        25
       112
       138
       142
       156
       159
       174
 1.84046212322647e+06         8
        12
        31
        40
        80
       160
       171
       185
       193
 1.12791141492991e+06         4
        41
        75
        98
       188
 1.45848817739177e+06         3
         5
        29
        92
 1.39570880564098e+06         6
        20
        32
        46
        51
        67
       139
 8.80418111138709e+05         3
        13
       105
       111
 1.23737796281255e+06         5
        15
        28
       129
       159
       171
 2.10664887587415e+06         8
         4
        33
        67
       107
       143
       165
       181
       194
 5.12252210704672e+05         3
        42
       142
       144
 9.25768102714259e+05         3
       134
       140
       162
 2.44600258302847e+06         8
        30
        54
        91
       125
       139
       154
       165
       185
 1.68918441499920e+06         6
         2
        13
       118
       138
       154
       168
 9.81801710833763e+05         2
        81
       192
 1.76603898702743e+06         8
         3
        22
        51
        71
       130
       148
       158
       186
 1.57980387635567e+06         7
         8
        41
        62
        87
        94
       155
       187
 1.40309655783178e+06         6
        38
        84
       100
       156
       164
       181
 1.28656259906799e+06         6
        26
       112
       146
       150
       192
       198
 1.79278389710030e+06         8
        42
        54
        60
        68
       112
       132
       142
       164
 4.66859006784946e+05         1
       164
 1.83035871086463e+06         8
        33
        36
        56
        93
       100
       127
       191
       199
 1.71635016946089e+06         5
        56
        97
       125
       141
       165
 8.76133449330915e+05         2
        52
       135
 7.44073975728307e+05         1
        85
 8.41751019544655e+05         1
       123
 6.61074907719423e+05         2
        97
       190
 1.35275721168152e+06         3
        17
       145
       158
 1.51068631512523e+06         8
        14
        38
        46
        47
        89
        97
       167
       190
 6.78275363079037e+05         2
       133
       150
 1.29190835094135e+06         2
         2
        69
 8.82671791807635e+05         1
        98
 1.72446765172584e+06         7
        67
        75
        95
       101
       105
       146
       194
 1.45597820298203e+06         4
        23
       110
       121
       185
 8.51459726560715e+05         1
       159
 4.77339354715280e+05         2
       113
       183
 1.92287137005366e+06         7
        48
        65
        74
        97
       148
       165
       196
 1.39880684614098e+06         6
        19
       100
       111
       152
       161
       198
 1.07611848925872e+06         4
        31
        47
        61
       150
 1.00825872739314e+06         3
        48
       161
       168
 1.55464443661459e+06         8
        99
       106
       115
       139
       141
       150
       159
       178
 9.72012052147045e+05         3
        52
       116
       175
 1.22628380658767e+06         6
        14
        31
        32
        46
       123
       180
 1.28405314476420e+06         5
        67
        72
        77
       174
       183
 1.47834659064051e+06         3
        90
       117
       127
 2.13298245106119e+06         8
         1
        53
        73
        74
        75
        82
       126
       166
 1.63583835419284e+06         5
         4
        12
        34
        41
       109
 8.63134747705912e+05         1
        89
 1.74487326077977e+06         7
        12
        13
        27
       109
       170
       171
       191
 1.54095062873594e+06         5
        19
        90
       114
       122
       199
 2.06578154489462e+06         8
        64
        68
        69
       110
       121
       170
       180
       195
 1.89246727627139e+06         7
        12
        18
        25
        51
       134
       141
       181
 2.64945466804569e+06         8
        35
        53
       146
       165
       178
       184
       196
       197
 1.80360129065930e+06         7
        15
        36
        46
        65
       123
       157
       165
 4.06252871437785e+05         1
       137
 1.41657275700881e+06         5
        35
        88
       142
       162
       178
 2.14082437986769e+06         8
        43
       112
       117
       123
       154
       160
       165
       196
 8.97566125789773e+05         1
        90
 1.76204644318951e+06         5
        94
        95
       111
       121
       130
 1.63965646750948e+06         4
        24
        85
       105
       183
 1.64010688252052e+06         5
        15
        22
       134
       157
       188
 1.04734413725003e+06         2
        12
        21
 1.28002728431865e+06         7
         2
        28
        41
       106
       110
       142
       186
 8.42937954298893e+05         4
        75
       124
       137
       194
 2.13678104756148e+06         7
        53
        62
        78
        97
       152
       171
       178
 1.73774871163235e+06         8
        14
        59
        64
        92
       101
       128
       155
       164
 7.13632230889735e+05         1
        83
 2.23947717105297e+06         8
         7
         9
        31
        34
        68
        96
       117
       200
 1.48847737482756e+06         8
         3
        15
        34
        52
        73
       108
       111
       170
 1.01569115888435e+06         5
        36
       118
       126
       130
       176
 1.65107488797461e+06         8
        13
        41
        63
        80
       108
       127
       156
       166
 1.44036362383043e+06         5
        90
       100
       135
       169
       187
 5.52955479499341e+05         2
         5
        77
 7.02474656668051e+05         3
        44
        54
        77
 1.52948751098848e+06         5
         8
        64
        93
       108
       145
 1.15938429914100e+06         4
         3
        65
        70
        93
 1.45744439476281e+06         5
        79
       119
       135
       182
       192
 7.63813916185626e+05         2
       120
       138
 1.72986012247225e+06         6
        64
        84
       138
       151
       158
       163
 8.46193847249231e+05         3
        13
       124
       161
 1.04701596401774e+06         6
        28
        56
        89
       125
       145
       161
 3.33636579588093e+05         1
        80
 2.51786619821995e+06         8
         1
        30
        88
       103
       136
       182
       188
       196
 1.71782473249392e+06         8
        38
        41
        72
        98
       106
       111
       190
       195
 1.85987868849656e+06         8
         2
        25
        41
        50
       107
       118
       161
       173
 9.27159791330491e+05         2
       180
       199
 1.50357265512729e+06         4
        11
       117
       140
       152
