       200
      1000
 1.32456278876513e+06         3
         6
        53
        80
 1.36876359317279e+06         5
         4
        68
        83
       149
       191
 1.80992403891268e+06         6
         1
        18
        40
        53
        92
        99
 1.02540152370091e+06         1
       154
 1.57742595672128e+06         3
       154
       165
       191
 1.54871347993193e+06         7
         1
        28
        67
        71
       121
       166
       170
 3.61880954812249e+05         1
       186
 8.20112985344144e+05         3
        86
       112
       127
 1.13253021377152e+06         5
        64
       120
       137
       171
       187
 1.71340751995665e+06         2
       154
       159
 3.26311754314590e+05         2
        51
       178
 1.87009471291954e+06         6
        34
        35
        45
        75
       104
       129
 8.66162187346879e+05         1
       135
 2.70935032022678e+05         3
        34
        85
       124
 9.11697322367990e+05         3
        42
        92
       164
 1.52150015027001e+06         7
        86
        95
       131
       135
       173
       195
       198
 1.00015474420376e+06         3
        21
        75
       180
 6.47310017022670e+05         3
       111
       115
       181
 1.70930422000176e+06         7
         9
        36
        48
        85
       114
       138
       144
 1.90260503098930e+06         8
        19
        81
        82
       142
       149
       184
       194
       200
 8.66577497240272e+05         2
        49
        84
 9.91706719875551e+05         3
        53
       150
       160
 5.60066964602007e+05         1
        67
 1.33579380787173e+06         7
        90
        93
       106
       110
       138
       151
       161
 1.74144725574709e+06         7
        34
        79
        81
       107
       157
       183
       196
 5.08000735350376e+05         1
       100
 2.47397079751270e+06         5
        19
        48
        80
       129
       188
 1.59366930211861e+06         6
        17
        98
        99
       101
       127
       137
 1.36026558584172e+06         4
        42
        67
        94
       129
 1.77605453208542e+06         5
        11
        77
       152
       155
       200
 1.23555137947891e+06         5
        31
       100
       111
       141
       152
 3.37395527445163e+05         2
        53
       143
 2.34477706462291e+06         6
         6
        49
        80
        89
       153
       185
 7.37084276078510e+05         1
       135
 1.03178802958360e+06         2
        73
       106
 1.87168181629347e+06         7
        16
        17
        52
        89
       153
       167
       179
 1.31830938743529e+06         2
         6
       125
 2.05726911030192e+06         8
        17
        45
        48
        88
        89
       115
       128
       156
 7.37985297453564e+05         5
        62
       113
       115
       138
       176
 9.55770185490355e+05         2
       137
       161
 1.53730038317710e+06         4
        44
       130
       139
       181
 5.18092319437376e+05         2
        90
       155
 1.07058785711669e+06         5
        47
        82
        95
       107
       133
 1.11445547912621e+06         5
        70
        78
        80
       176
       184
 2.04636244670217e+06         8
         8
        67
       106
       119
       134
       160
       168
       200
 1.78002432306635e+06         7
        11
        17
        40
        52
        96
       148
       153
 1.34894165438948e+06         5
        31
        38
        94
       132
       179
 9.77690525808163e+05         3
         5
        57
        99
 1.79191889963226e+06         8
        17
        52
        75
        86
        87
       104
       110
       149
 3.75019451839107e+05         1
       141
 1.08409682321276e+06         2
        70
       131
 1.62115459547456e+06         6
        15
        25
        33
        56
        72
       188
 7.74413106162574e+05         1
        77
 6.71276890488292e+05         1
       110
 1.17376468896331e+06         4
        23
        32
        38
        41
 1.78290939304801e+06         8
        37
        42
        92
        94
       118
       163
       166
       189
 1.33918355738408e+06         3
       104
       126
       165
 9.86480784557035e+05         1
       151
 6.83610286982283e+05         2
       169
       176
 8.31409012972556e+05         2
         3
        34
 7.61411210907293e+05         3
       126
       136
       190
 2.29189071606332e+06         7
         2
        20
        55
       120
       149
       169
       181
 5.34354603997006e+05         1
        78
 1.07644203828416e+06         4
        17
        64
       142
       155
 1.38381984397102e+06         4
        59
        65
        81
       180
 7.55292276169481e+05         4
         9
        71
       111
       157
 1.11288075986926e+06         1
        18
 1.67791938906062e+06         7
        17
        91
       113
       124
       126
       150
       189
 1.38337215348855e+06         8
        58
        66
       100
       102
       156
       168
       183
       191
 7.11225378049912e+05         1
       197
 1.96037866455337e+06         8
        15
        17
        20
        52
        58
        74
        77
       141
 6.56882601467701e+05         1
       186
 1.27083173185792e+06         5
        37
        61
        88
       104
       197
 1.77774815013694e+06         8
        40
        53
       107
       112
       150
       154
       166
       178
 1.23323756487020e+06         5
        20
        37
        39
        94
       189
 2.40400260499606e+06         8
        56
        84
        95
       107
       126
       134
       166
       182
 1.81687308462458e+06         8
        22
        80
        90
        91
       148
       167
       178
       195
 1.06697332178480e+06         2
        25
        87
 1.12234537406382e+06         4
        20
        34
       138
       139
 1.75484734426570e+06         6
        16
        56
        67
        77
       160
       170
 2.45869399120753e+05         2
       109
       126
 1.27856125576813e+06         3
        99
       171
       196
 1.12595319764638e+06         5
        55
        85
        88
       137
       164
 9.01092918200053e+05         2
        14
       103
 1.97665712201262e+06         8
        10
        69
        83
       100
       139
       145
       167
       185
 1.88817791510306e+06         6
        24
        27
        35
        41
       168
       182
 1.88161217926077e+06         8
        29
        45
        49
        56
        77
       156
       194
       200
 2.36554930385251e+06         8
         8
        39
        57
       112
       127
       144
       152
       183
 1.82854121198995e+06         5
        22
        26
        48
       180
       182
 1.52024152947655e+06         7
        11
        69
        94
       164
       166
       173
       178
 1.35170882643540e+06         3
        20
       113
       159
 5.01836600128679e+05         3
        82
       171
       190
 1.12974612607859e+06         3
        73
        87
       115
 2.15955322735543e+06         7
         5
        14
        31
        50
        83
        91
       135
 1.65130768455088e+06         8
         5
        37
        73
        98
       112
       145
       188
       194
 1.11781771644290e+06         4
        39
       126
       129
       160
 6.58249325602233e+05         1
       107
 5.97675327735720e+05         2
       100
       116
 1.55261658683480e+06         3
        52
        96
       174
 1.21342199780824e+06         6
         2
        68
        88
       136
       140
       168
 8.15068249792089e+05         2
        54
       156
 6.39712393688791e+05         3
        27
        78
       198
 1.05460544828367e+06         5
        54
        68
       114
       141
       182
 1.12448909692552e+06         6
        10
        17
        79
        94
       103
       121
 2.74533003465886e+05         2
       127
       131
 1.69206619336948e+06         5
        39
       131
       133
       157
       186
 1.73236170116281e+06         5
        16
        31
        44
        56
        98
 9.62217585601282e+05         3
        92
       120
       123
 2.16336238015038e+06         6
        57
        78
        83
       105
       129
       191
 1.48698490116805e+06         7
        15
        29
        37
        73
       109
       132
       137
 1.73059621306067e+06         4
        16
       113
       132
       159
 5.32865732390344e+05         1
       126
 1.00966307363199e+06         2
        16
       135
 1.37808552869608e+06         5
        22
        57
       103
       113
       148
 6.95673318283691e+05         1
        51
 1.07065371819841e+06         1
        49
 1.36020005680736e+06         3
       133
       156
       187
 2.32226960399404e+06         7
        57
        61
       111
       113
       118
       126
       150
 1.92738567156304e+06         6
        24
        38
        63
        90
       147
       187
 1.12549790525910e+06         3
        40
        76
       196
 1.65141312291419e+06         7
         6
        15
        41
        60
        95
       104
       143
 1.92630439184623e+06         8
         7
        25
        33
       144
       158
       162
       163
       194
 2.10402738622098e+06         8
        43
        58
        64
        65
        81
        89
       123
       135
 1.46457362626557e+06         5
        54
       134
       151
       170
       172
 1.49170544649093e+06         8
        64
        67
        72
        98
       104
       147
       172
       195
 1.81060783207272e+06         6
         4
        10
        17
        53
        81
       188
 1.85728349753032e+06         8
        32
        75
       116
       118
       126
       145
       156
       184
 7.52202424388497e+05         3
         8
        44
       103
 1.73191001223880e+06         7
         3
        57
       124
       154
       165
       185
       200
 2.30018875499257e+06         8
        32
        43
        79
        90
       159
       166
       169
       179
 1.48191876825740e+06         8
        16
        41
        74
       127
       139
       146
       149
       157
 8.34064028805904e+05         1
       197
 1.89275144380450e+06         6
        77
        88
        93
       126
       152
       164
 8.11897421075646e+05         1
       200
 5.05373329119834e+05         1
        98
 6.01185450795166e+05         3
        33
        47
       135
 1.81277198281530e+06         7
         1
         5
        14
        54
        65
       122
       178
 1.94878885912437e+06         6
        31
        51
       101
       149
       152
       175
 1.88426951154700e+06         8
        17
        38
        63
        68
        92
       139
       160
       193
 6.48987546439295e+05         3
        19
        82
       168
 1.60349714625072e+06         6
        24
        77
        87
       158
       163
       184
 1.26117724275413e+06         6
        14
        32
        51
       124
       155
       189
 7.56422643566693e+05         1
       119
 5.75134194007777e+05         1
       106
 1.62925322353452e+06         6
         5
        11
        17
        77
       140
       197
 1.72724647436215e+06         7
         4
        74
       115
       130
       138
       186
       192
 1.48610316977934e+06         6
        17
        74
       144
       170
       171
       188
 9.69890262160416e+05         5
       109
       125
       126
       143
       148
 1.75300990070116e+06         6
        20
        50
        94
        97
       133
       153
 2.54262728759655e+06         8
         2
        12
        36
        83
       120
       135
       137
       163
 4.39080204231528e+05         2
        82
       139
 1.73149396301986e+06         6
        31
        80
       143
       145
       165
       192
 1.22932480395141e+06         3
        43
       154
       199
 9.26006718117241e+05         3
        24
        67
       173
 7.72845601076955e+05         2
        91
       130
 1.03691588602051e+06         3
        24
       104
       168
 1.66626781261139e+06         7
        16
        46
        92
        96
       110
       186
       191
 9.58676402224310e+05         4
         9
        44
        71
       176
 1.41848957408589e+06         4
       113
       136
       154
       171
 1.82099499147312e+06         7
        23
        38
        57
        69
       168
       179
       192
 6.13495921404424e+05         2
         1
       113
 6.47396127257493e+05         2
       101
       162
 5.00177914926279e+05         2
       163
       171
 1.46322328701719e+06         6
        11
        20
        34
        87
       106
       158
 2.83190790738948e+05         2
       126
       144
 1.35173232024197e+06         4
        74
        81
        92
       194
 1.23641729201755e+05         2
       125
       160
 1.26186942681609e+06         1
       179
 1.92227294326460e+06         5
         1
        14
       130
       157
       163
 1.60773313636200e+06         4
        26
        48
       105
       133
 1.41149368005891e+06         7
        48
        60
        62
        88
       101
       148
       170
 7.01485526148616e+05         2
        59
       174
 7.39458128056986e+05         1
       129
 1.56835414856462e+06         5
        18
        57
        91
        96
       157
 1.00980797552397e+06         3
        17
       128
       181
 4.09341318364027e+05         2
         2
       163
 1.15874918750812e+06         1
       145
 7.41815898786215e+05         3
       155
       168
       199
 1.63033625475667e+06         8
         2
        30
        76
       128
       150
       155
       161
       198
 2.03658141897006e+06         8
        63
        69
        89
       135
       146
       148
       161
       184
 5.02379933231233e+05         1
        53
 1.62573967610759e+06         5
        23
        54
        59
        60
        69
 2.07051814881248e+06         7
        51
        60
        68
       135
       174
       181
       185
 1.55216630264446e+06         4
       101
       182
       187
       199
 5.70895547726443e+05         1
        38
 4.60061203356396e+05         1
        71
 1.47022805869162e+06         8
        23
        53
        87
       133
       136
       153
       156
       171
 1.49428646286654e+06         7
        43
        78
       115
       117
       124
       134
       159
 1.05113278533862e+06         3
        60
        98
       159
 1.87138795241169e+06         6
        42
        52
       117
       159
       176
       185
 1.64185791541299e+06         4
        44
        70
       158
       190
 1.81821109189525e+06         7
        30
        40
        64
        93
       105
       113
       146
 1.06127232015754e+06         3
         1
        15
        78
 9.34507317763319e+05         4
         4
        30
       165
       178
 1.58180219553353e+06         5
        60
        70
        98
       119
       196
 2.20672698307259e+06         8
         8
        50
        69
        89
       104
       138
       158
       175
 1.55808706548819e+06         8
        33
        76
        82
       109
       113
       130
       164
       171
 1.52038122786485e+06         8
        25
        84
       108
       117
       124
       135
       160
       161
 1.99029088455745e+06         7
        13
        14
        16
        23
        53
        80
       153
 1.65397378623289e+06         7
        73
        90
       113
       120
       124
       166
       189
 1.08031732636647e+06         3
         7
        11
        98
 4.93567094516577e+05         3
        23
        47
       101
 1.45072346422387e+06         3
         5
        79
       104
 1.40639294455853e+06         2
        48
       117
 1.54381257032372e+06         7
         7
        22
        35
        81
        97
       160
       174
 7.10588444575440e+05         1
       192
 9.92249936560385e+05         1
       150
 2.21653575786576e+06         8
        13
        23
        81
       101
       110
       145
       174
       177
 4.90909910735130e+05         2
       106
       151
 1.49518726408797e+06         6
         6
        28
        37
        63
       191
       195
 2.02909652396066e+05         1
       138
 1.87854491603847e+06         5
        79
       112
       150
       167
       199
 2.38084846312898e+06         7
        10
        48
        56
       101
       113
       118
       183
 1.32261583556867e+06         4
        63
       151
       171
       185
 1.33137898298196e+06         3
       126
       193
       200
 1.50349131021598e+06         6
        83
        90
       132
       138
       143
       199
 1.61457796548531e+06         5
        40
        41
        96
       153
       192
 3.40600735679533e+05         1
        31
 1.41420480162273e+06         3
        10
        87
       174
 8.66163484286887e+05         2
        60
       122
 1.10694638610846e+06         3
         7
       143
       168
 1.47952877078578e+06         4
        26
        66
       172
       194
 1.61716456848883e+06         8
        34
       104
       109
       119
       148
       170
       182
       195
 2.20261816229535e+06         7
        65
        71
        86
       119
       169
       182
       185
 6.80455772252891e+05         1
        75
 6.85102846890029e+05         1
       191
 9.72151754613496e+05         1
        39
 2.20683967843174e+06         7
        28
        89
        90
       145
       157
       162
       194
 1.54480903121969e+06         4
        25
       134
       162
       173
 1.98133889419586e+06         8
        21
        41
        43
        68
        74
       103
       129
       199
 1.26381403463324e+06         4
        67
       107
       126
       134
 1.63627194585620e+06         7
        46
        87
       103
       137
       138
       155
       180
 4.00232429910421e+05         2
        58
       156
 2.91098055101713e+05         2
       170
       200
 1.47712215338187e+06         6
        24
        37
       105
       161
       187
       188
 1.78079036894407e+06         8
         8
        27
        97
       132
       165
       183
       196
       197
 1.71281015363713e+06         7
        26
        34
        61
        63
        87
       161
       191
 9.27331020600767e+05         3
        39
       172
       186
 1.61118570545169e+06         8
        19
        46
        47
        98
       169
       172
       178
       192
 2.92804574166052e+05         1
        90
 1.22369941809394e+06         6
        38
        54
        77
        89
       150
       193
 1.51351470763456e+06         8
        15
        72
        90
       101
       129
       167
       171
       179
 1.59319833584126e+06         7
        52
        82
        84
       109
       135
       161
       169
 2.06030153281356e+06         8
        19
        48
        57
        77
       121
       162
       193
       196
 1.04431819867595e+06         6
        85
        88
        99
       106
       155
       156
 2.34454095554580e+06         8
        27
        30
        58
       124
       151
       164
       184
       185
 1.31449511786235e+06         5
         5
        19
        61
       137
       138
 9.24089947720168e+05         4
       110
       133
       139
       173
 2.06543853647475e+06         8
        14
        43
        95
       106
       113
       127
       147
       168
 1.73247172002942e+06         8
        10
        78
        87
       123
       128
       146
       176
       177
 2.44163724809667e+05         2
        51
        62
 6.56119136479908e+05         1
        64
 1.76110331100703e+06         8
        19
        32
        70
       105
       131
       150
       158
       165
 1.59501013453132e+06         6
        51
       103
       111
       176
       182
       188
 4.41744679084414e+05         2
        74
       160
 1.81792942486207e+06         8
         8
        21
        43
        63
        64
        72
        83
       103
 9.63690159010724e+05         1
       165
 1.41377200652289e+06         5
         7
        68
        76
       180
       190
 1.45471435289026e+06         7
        23
        29
        40
       138
       139
       140
       148
 2.47496340695748e+06         7
        36
        45
        52
        79
       111
       129
       185
 1.08595398700125e+06         3
        56
       128
       139
 1.19390415320986e+06         5
        44
        67
        70
       127
       156
 1.47527371625574e+06         5
        66
        72
        85
       104
       118
 2.46314442320228e+05         3
        34
        67
       102
 1.37563398444039e+06         5
        11
        20
        60
        87
       166
 1.00699288824612e+06         1
       143
 1.54250951217353e+06         5
         3
        29
       150
       177
       179
 1.85810053912892e+06         7
         5
        33
        39
        92
       100
       106
       135
 1.18990794624774e+06         5
        51
        69
        85
        87
       144
 1.77198443095139e+06         8
         8
        22
        23
        50
        55
       120
       142
       170
 3.39616937746043e+05         2
         9
       105
 7.21658084131221e+05         1
       147
 5.97637325812478e+05         2
        86
       146
 8.14998499605316e+05         1
       174
 6.52919484847994e+05         1
       180
 1.69351390726095e+06         8
        15
        16
        31
        54
        74
       113
       132
       139
 2.24518006331489e+06         8
         7
        19
        65
        66
       106
       126
       167
       197
 1.20117877200856e+06         2
       104
       121
 6.99350995571642e+05         4
        25
        51
       140
       189
 7.65099144490438e+05         2
        12
        42
 1.54761442501031e+06         2
        42
        79
 6.47396127257493e+05         2
       101
       119
 1.14875421875582e+06         3
       110
       111
       150
 1.67963095471479e+06         6
        24
       116
       133
       136
       142
       159
 1.12389018501503e+06         1
        26
 1.59811911279092e+06         7
        25
        31
        33
        42
        84
       123
       170
 7.58700478731236e+05         3
        22
        28
        48
 5.40859773600670e+05         1
       198
 4.96590843222063e+05         2
        27
       180
 1.64990864726805e+06         8
        25
        65
        66
        91
       106
       132
       162
       165
 1.31865484903518e+06         2
       175
       180
 1.94848258401782e+06         8
        25
        61
        68
        98
       118
       135
       155
       179
 3.08290738012027e+05         2
        22
        26
 9.94563796847643e+05         2
       112
       185
 1.10473344166434e+06         3
        24
        43
       167
 1.23641729201755e+05         2
       125
       153
 1.66506275342542e+06         5
        41
        92
       133
       153
       154
 1.34881157012115e+06         7
        10
        19
        29
        43
        74
       117
       139
 1.89427118141153e+06         6
         9
        14
        38
        39
       138
       183
 1.84532165476896e+06         8
        28
        34
        74
       120
       125
       141
       176
       189
 4.56301673649214e+05         3
        76
       109
       155
 1.19879941601047e+06         6
        29
        42
        69
        91
       110
       167
 8.34691245664130e+05         3
        76
        85
       183
 1.90471761768065e+06         7
         1
        62
        67
        95
       117
       154
       191
 1.92559774882914e+06         6
        18
        41
        92
       129
       134
       187
 2.05066126461210e+06         7
        27
        28
        85
       135
       137
       166
       175
 8.14763960162459e+05         4
         5
        33
        78
       115
 8.53499857571008e+05         1
       134
 9.39179359106907e+05         4
        97
       148
       161
       173
 1.62830263518909e+06         7
        40
        99
       115
       117
       171
       177
       187
 1.91481070461959e+06         6
        26
        44
       116
       127
       159
       186
 9.90232788021079e+05         2
        13
       107
 1.87494699191995e+06         6
        15
       104
       109
       157
       177
       183
 2.01611286046385e+06         8
         9
        42
       110
       125
       150
       171
       194
       195
 9.69794098187102e+05         5
        13
        22
        24
        29
       122
 4.23888352636335e+05         1
       192
 5.00177914926279e+05         2
       163
       174
 6.66483402003308e+05         2
        21
       130
 4.94661188309736e+05         1
       122
 2.07898707798075e+06         8
        15
        33
        39
        85
        93
       103
       117
       165
 1.38519438536631e+06         4
        10
        69
       142
       162
 1.66940028510992e+06         7
         5
        22
        41
        92
       102
       144
       172
 1.37884884945593e+06         4
        50
        96
       105
       150
 1.13063379263077e+06         3
       108
       131
       194
 1.88309835348595e+06         7
        50
        56
        88
        99
       107
       167
       192
 2.34555400374622e+06         8
        11
        18
        24
        39
       110
       143
       179
       199
 7.21391820225303e+05         1
         8
 1.09482535601866e+06         5
        83
        95
       100
       139
       167
 1.90349135495604e+06         7
        42
        59
        81
       189
       196
       197
       200
 1.78424182383259e+06         8
        31
        70
       105
       111
       135
       143
       173
       186
 1.99243689652354e+06         7
         6
         7
        33
        75
       104
       122
       136
 7.43450018773471e+05         1
        55
 7.94013872633221e+05         1
        36
 6.74567517258257e+05         1
       183
 1.61598515804176e+06         6
        20
        66
       100
       110
       186
       199
 7.61383614822271e+05         1
        21
 2.14865393041009e+06         6
        20
        25
        79
        93
       130
       167
 3.87464092915211e+05         3
        34
       148
       163
 5.39346235688033e+05         3
         3
        17
       125
 1.02688081232001e+06         3
       142
       150
       200
 4.39080204231528e+05         2
        82
        96
 1.55345907430945e+06         5
        50
       106
       107
       127
       159
 1.77089956451876e+06         8
        26
        39
        63
        78
        81
       107
       124
       161
 1.45173585691977e+06         6
         6
        28
        83
        99
       167
       169
 1.60366738457727e+06         6
        12
        52
        61
        69
       139
       148
 1.12148422459703e+06         2
        89
       138
 9.68252487652736e+05         3
        44
        49
        77
 1.99366706164626e+06         8
        17
        34
        63
       108
       180
       183
       189
       195
 5.18092319437376e+05         2
        90
       164
 1.60031630070680e+06         6
         5
        13
        17
       173
       177
       189
 1.35336050416582e+06         5
        13
        17
        89
       104
       142
 1.36928693055586e+06         6
        10
        30
        53
        86
        92
        95
 1.63573012852616e+06         8
         8
        30
        38
        66
        67
       106
       127
       146
 8.34148786175090e+05         3
         7
        14
        51
 1.41313998756764e+06         3
         3
        26
        57
 1.70465864074159e+06         5
        17
       122
       130
       133
       168
 1.43360134491226e+06         5
         4
         7
        74
       128
       146
 1.80903939177209e+06         3
        45
       118
       195
 1.89653804092261e+06         7
         5
         6
        27
        42
        98
       183
       190
 2.03454297057831e+06         7
         1
        63
       118
       119
       125
       150
       157
 1.24004571501019e+06         1
       187
 1.99580467662937e+06         7
         4
        36
        62
        65
       134
       150
       162
 1.61033740484520e+06         7
        20
        39
        68
        76
       134
       147
       193
 4.09045390038424e+05         1
       173
 7.90099028347108e+05         4
        62
        71
        92
       138
 1.40754704806244e+06         6
        77
       116
       117
       123
       163
       175
 1.41428984764162e+06         6
        16
        93
        94
       144
       153
       175
 9.17202647488721e+05         3
       106
       109
       167
 8.82578615757351e+05         4
        53
       105
       155
       160
 1.13956873999607e+06         4
        63
       120
       169
       178
 1.66742665079509e+06         8
        10
        12
        37
        44
        51
       133
       136
       175
 1.77824337160590e+06         7
        43
        58
        60
       102
       128
       154
       158
 4.25307755396019e+05         2
        62
       115
 1.13619751683805e+06         1
        48
 1.86647646757860e+06         6
        22
        27
       128
       143
       176
       188
 7.28526723023555e+05         3
        92
       123
       193
 4.99785016248356e+05         1
       189
 1.68490981729885e+06         6
         9
        82
       140
       147
       169
       174
 2.21122376574103e+06         8
        48
        65
        74
       106
       147
       152
       163
       197
 1.76627667906644e+06         5
        84
        93
       115
       137
       147
 3.31761625472266e+05         2
        47
       169
 7.67207888559073e+05         1
       126
 1.50932139081472e+06         5
         6
         9
        79
        98
       197
 6.47396127257493e+05         2
       101
       175
 1.77270722046287e+06         7
         5
        25
        28
        46
        71
        87
       172
 1.14622966086447e+06         5
         8
        93
       102
       147
       198
 1.62270749994480e+06         4
        32
       131
       175
       177
 2.08741066010558e+06         7
         3
        34
        48
        49
        59
        80
       180
 1.33379829273849e+06         4
        11
       116
       173
       194
 2.92139875381640e+05         2
        23
       122
 1.28769446095881e+06         2
       145
       181
 1.07898708440277e+06         2
        19
       135
 1.26114783937782e+06         1
       130
 2.10273967888715e+06         6
        10
        18
        48
        98
       118
       124
 5.00177914926279e+05         2
       163
       183
 7.58776047072025e+05         3
        31
       126
       190
 2.15797528844980e+06         8
        38
        61
        67
        81
       117
       118
       126
       157
 1.50915715382366e+06         6
        80
        84
        93
       114
       116
       163
 9.82852482462849e+05         1
        65
 1.04261936262404e+06         2
        25
        73
 1.31862696139948e+06         5
         4
        33
        52
        97
       166
 1.42386458399632e+06         6
        25
        95
       124
       147
       179
       194
 4.28952032590128e+05         2
        72
        82
 1.17993271581011e+06         3
        41
       157
       164
 2.13869910665674e+06         8
        23
        27
        95
       104
       125
       167
       177
       184
 1.02053977231767e+06         5
        15
        73
       150
       173
       187
 8.57591115736959e+05         1
        96
 1.67785017649989e+06         6
        45
        71
        86
       106
       188
       195
 2.48071576159765e+05         1
       126
 1.49851595552778e+06         4
        36
        38
       115
       195
 8.85838613043613e+05         3
        45
        76
       105
 8.74859703028259e+05         1
       175
 1.23338522869427e+06         4
        25
        34
        57
       181
 1.48861750690482e+06         5
         6
         7
        34
        66
       161
 1.64987844915984e+06         4
        17
       113
       116
       128
 1.57662314401820e+06         6
        40
        44
        64
        80
        92
       171
 1.41703974695432e+06         8
        13
        69
        94
       109
       138
       143
       155
       173
 7.48699942577117e+05         3
        34
        88
       134
 8.43024845039321e+05         1
       200
 3.21671104701681e+05         2
       141
       161
 6.23130534464756e+05         3
        56
       143
       178
 2.41421475651381e+06         8
         6
        34
        42
        77
        95
       139
       144
       162
 1.77983113106407e+06         7
        17
        61
        89
        99
       121
       142
       175
 1.69577700891590e+06         6
        16
        40
        78
       144
       175
       179
 1.48864142463815e+06         6
        33
        65
        86
       172
       188
       194
 8.16271328749531e+05         2
         4
       193
 9.11398962218991e+05         2
        63
        90
 1.14754173908271e+06         5
        15
       109
       138
       157
       165
 8.19189152133063e+05         1
       140
 1.66382131258628e+06         5
        28
        48
       168
       175
       200
 1.15558599145409e+06         4
        45
       149
       169
       193
 2.05417048611692e+06         8
        44
        86
        88
       135
       166
       167
       176
       194
 8.45830214385200e+05         4
        42
        51
        67
       114
 1.77852056681174e+06         5
        54
        97
       128
       160
       176
 1.26985121698029e+06         3
        20
        75
       197
 1.38922893096618e+06         5
        57
        64
       138
       172
       184
 2.17363694897018e+06         7
        33
        39
        65
       115
       121
       123
       133
 1.34234575534757e+06         8
        24
        53
        77
        88
       128
       153
       180
       196
 2.27614551151748e+06         7
        49
        65
        66
        97
       128
       152
       185
 1.14539651197919e+06         5
        19
        65
        83
       106
       173
 7.02253413684119e+05         2
       134
       152
 1.21972573747905e+06         4
        15
        20
        60
       183
 1.14880134106541e+06         5
         7
        47
        85
        86
       190
 1.17277849111887e+06         7
         9
        33
        36
        58
        91
       142
       178
 5.48127951781636e+05         1
        68
 1.23707628328861e+06         7
         3
         4
        29
        64
        68
        72
       126
 1.91862845686136e+06         6
         4
        27
        87
        90
       149
       187
 1.44453376954193e+06         4
        59
        73
       106
       121
 1.47762208118711e+06         6
        27
        84
       100
       113
       117
       130
 1.17237256034070e+06         4
        43
        64
       153
       173
 2.07883256105203e+06         7
         8
        21
        61
       120
       148
       160
       177
 5.64915753574264e+05         2
       140
       166
 1.58947325275962e+06         6
        11
        41
        58
        67
        81
       128
 1.51716408484219e+06         6
        20
        31
        58
        87
       108
       122
 1.20593732306311e+06         4
        54
       127
       140
       144
 1.21953700210359e+06         7
         9
        21
        47
        52
        53
        86
       162
 1.80925252420875e+06         6
        56
        61
        78
       105
       184
       197
 1.23950664025545e+06         5
         5
        53
        76
        79
       159
 1.11582195237263e+06         5
        45
        90
       123
       125
       166
 1.50462305046975e+06         6
         6
        78
        79
       107
       141
       143
 2.05820472165532e+06         7
        18
        24
        30
        75
        96
       136
       195
 1.14848983515502e+06         4
        97
       108
       152
       153
 3.96177232095393e+05         1
       173
 8.85638156972535e+05         3
        10
        66
       110
 1.79178784622508e+06         6
        23
        65
        85
       134
       139
       161
 1.55978417556801e+06         3
        25
       135
       152
 7.70002102950802e+05         4
        27
        58
        85
       154
 1.54761442501031e+06         2
        42
        70
 4.65329646586751e+05         3
        29
        80
       138
 1.23506248734661e+06         4
        32
        33
        42
       120
 2.03596322469640e+06         8
         3
        18
        33
        34
        59
       107
       158
       177
 1.79961356654272e+06         3
        14
       144
       154
 9.68883817008817e+05         4
        32
       178
       191
       195
 1.60648388817645e+06         7
         2
         7
        14
        24
        73
        82
       165
 1.59928228709001e+06         5
         9
        32
       136
       145
       188
 1.38277162488898e+06         3
        16
        20
        99
 8.92485984554440e+05         2
        41
       118
 1.60596473807514e+06         6
        39
        70
        95
       117
       172
       198
 1.23031901510624e+06         2
        43
       169
 1.64508150689432e+06         7
        10
       101
       117
       138
       174
       196
       197
 1.04017924395047e+06         4
         9
        13
       168
       172
 1.38840228733369e+06         5
        33
        77
       111
       161
       169
 1.51371785179432e+06         5
        17
       102
       129
       133
       148
 2.01596801088292e+06         8
        19
        76
        91
        99
       150
       154
       168
       175
 2.23862276567069e+06         6
         6
        12
        31
        49
        56
       164
 1.17076253127328e+06         1
        40
 1.48925935688852e+06         4
        18
        25
        39
        40
 1.25053761005885e+06         6
        47
        78
        82
       107
       136
       155
 1.05152509724305e+06         2
        84
       159
 1.71724853434565e+06         6
        20
        30
        61
        77
       133
       198
 1.65137042374292e+06         5
        24
        32
       113
       181
       188
 9.78780393362170e+05         5
        92
        97
       108
       115
       132
 1.75264080628679e+06         5
        36
        69
       124
       137
       153
 1.54755026979279e+06         6
        20
        65
        93
       132
       150
       184
 7.49346728223150e+05         1
       156
 1.16213011524178e+06         5
        46
        60
       100
       149
       187
 1.77533781173580e+06         5
        30
        58
        73
        96
       168
 8.40073369517598e+05         3
       116
       171
       182
 9.27270156139987e+05         4
         5
        71
        98
       121
 1.67245150314023e+06         2
        18
       122
 1.58935878987141e+06         6
        23
        43
        86
       154
       158
       165
 1.98712445243577e+06         7
        19
        28
        37
        53
       144
       152
       187
 3.39616937746043e+05         2
         9
       106
 1.34939763845986e+06         4
        14
        31
        53
        90
 4.40487674010592e+05         1
        66
 1.58151174494720e+06         8
        11
        53
        66
       100
       116
       121
       128
       148
 6.04726172029994e+05         3
        12
       114
       126
 8.67271159778492e+05         1
       118
 1.30051020364177e+06         2
        14
       193
 1.15274599533404e+06         5
         2
        38
        61
        85
       195
 1.87084133290033e+06         6
         4
        70
       105
       128
       130
       159
 1.85959555892653e+06         8
        12
        18
        22
        64
        78
        79
        96
       197
 1.60661548470907e+06         8
        29
       101
       105
       112
       130
       138
       139
       196
 9.85659038063366e+05         2
         5
        26
 1.57604427288975e+06         7
        23
        71
        79
       134
       152
       160
       200
 1.50916291431250e+06         7
         3
        33
        57
       114
       149
       170
       171
 1.79481084905108e+06         8
        71
        73
        76
       109
       131
       136
       150
       171
 5.20116641122484e+05         3
        64
       109
       192
 9.82167054394946e+05         5
        62
        64
       132
       156
       196
 1.21627456338608e+06         2
       117
       119
 1.10896405367375e+06         7
        11
        52
        85
       156
       157
       163
       168
 6.27641351228616e+05         3
        90
       115
       163
 1.36614058173389e+06         6
         5
        39
       114
       115
       159
       171
 1.78256146768092e+06         5
        42
        75
       107
       162
       200
 1.79093236361750e+06         7
        14
        19
        29
        72
        91
       118
       119
 1.61557415514587e+06         7
        83
        97
       101
       115
       125
       143
       150
 2.68412843089879e+05         1
       173
 1.16325007218273e+06         3
        18
        33
       142
 1.48284198704012e+06         8
        22
        38
        78
        95
       124
       128
       139
       199
 1.41814606737735e+06         4
       132
       169
       170
       200
 8.69103135421798e+04         2
        37
        69
 8.28618344052315e+05         2
         8
        50
 1.08449523551944e+06         5
        59
        64
       127
       129
       191
 1.02980391405743e+06         2
        17
        95
 1.64367727864639e+06         6
        13
        18
        61
        70
       127
       184
 7.55141716323499e+05         2
       110
       135
 6.52168458761657e+05         1
        17
 1.27235164841109e+06         6
        12
       100
       101
       103
       118
       170
 8.03160829169415e+05         3
        80
        81
       150
 1.79415300212980e+06         8
        15
        27
        34
        98
       111
       169
       184
       187
 1.97725513220517e+06         7
        13
        21
        40
        61
        94
       184
       185
 1.37332409922493e+06         7
        13
        15
        22
        37
       112
       121
       164
 1.31982441967853e+06         4
        36
        92
       121
       130
 1.84970662300364e+06         6
        17
        33
        80
        92
       132
       143
 1.38384254941573e+06         4
        17
        28
        31
       152
 1.19269050163066e+06         2
        39
        42
 7.03430820691134e+05         3
        10
        81
       165
 7.67952608863028e+05         1
        78
 1.02768723465573e+06         4
        50
        67
       105
       153
 1.38759617918895e+06         6
         9
        28
        37
        38
        54
       174
 8.56709909655643e+05         1
       101
 1.01229288207508e+06         3
        53
       139
       145
 2.34609365280116e+06         8
        18
        57
        72
       128
       133
       140
       151
       160
 1.30874478323813e+06         6
        10
       109
       148
       158
       182
       190
 1.23802130308253e+06         3
        69
       149
       200
 4.00555989730253e+05         3
        98
       145
       164
 2.05842636237800e+06         7
        31
        36
        89
       102
       128
       188
       199
 7.20146728645898e+05         1
       107
 1.30572598752799e+06         5
        32
        75
       106
       133
       172
 1.63276190254869e+06         5
        30
        50
        84
       114
       163
 6.43046851732656e+05         3
        21
       140
       171
 1.80799228981860e+06         7
        57
        58
        66
       102
       104
       153
       181
 1.71427056313637e+06         5
         5
        13
        50
        75
       167
 2.04260409084431e+06         7
        20
        27
        31
       101
       146
       149
       195
 1.05221199968563e+06         1
       200
 4.81404053655871e+05         2
       151
       170
 7.81484035791102e+05         3
        95
       139
       193
 7.72845601076955e+05         2
        91
       153
 1.32032600568340e+06         7
        15
        36
        72
        75
        95
       105
       178
 1.69703992376185e+06         7
         6
        66
        84
       118
       169
       178
       190
 1.76289520910828e+06         7
         9
        18
        67
        80
        86
        89
       153
 9.57807162929323e+05         3
       107
       170
       198
 1.08987854267411e+06         4
         6
        32
        51
        68
 1.52225730705748e+06         7
        29
        30
        35
        51
        64
       103
       191
 2.24767511178180e+06         7
        26
        55
        70
        72
       151
       187
       188
 9.03295628548168e+05         3
         5
        52
       115
 1.25232507939426e+06         4
        21
       141
       142
       187
 1.24883370733295e+06         4
        21
        36
       136
       166
 1.64558763191602e+06         6
        76
        85
        99
       155
       179
       181
 1.74801526308557e+06         7
        13
        21
       139
       141
       153
       160
       179
 7.71859125606833e+05         2
        48
        71
 6.42729834510227e+05         3
        66
       126
       150
 2.70233480776747e+06         8
        30
        40
        43
        47
        48
        63
       185
       199
 2.01568908166685e+06         6
        20
        31
        83
       162
       185
       194
 1.35267867513234e+06         4
        99
       148
       167
       191
 1.33269931626074e+06         5
        17
        69
       152
       168
       175
 1.04237407114877e+06         6
        23
        80
        84
       105
       158
       170
 1.51768683823080e+06         4
        48
        52
        76
       156
 1.47790403639308e+06         7
        20
        23
        31
        72
       124
       160
       163
 9.91873320305027e+05         3
        68
        84
       159
 1.75963092096600e+06         7
        29
        65
       120
       144
       175
       188
       189
 1.86660512359818e+06         6
        30
        66
        68
        97
       108
       180
 1.99104167249465e+06         7
        28
        80
        91
       160
       170
       187
       196
 2.92139875381640e+05         2
        23
        98
 4.18684034818727e+05         1
       178
 1.73409425482391e+06         4
        35
        63
       108
       175
 1.58579053860284e+06         4
        73
        79
       128
       163
 1.34741472732703e+06         5
         9
        17
        82
        93
       188
 1.33789275241791e+06         8
        20
        41
        58
        95
       148
       164
       165
       192
 1.03178802958360e+06         2
        73
        97
 1.90390003437284e+06         8
        14
        29
        38
        62
        64
       171
       172
       180
 3.16910216141059e+05         1
        58
 5.46564646848160e+05         1
       168
 2.54060502918791e+05         1
       127
 7.43478395506467e+05         1
        87
 6.13633211930326e+05         4
        51
        61
       116
       150
 7.22315951706858e+05         1
        77
 1.38581617112159e+06         6
        28
        37
        72
       168
       171
       194
 1.45165167364200e+06         8
         2
        11
        30
        37
        51
        68
       166
       186
 4.09341318364027e+05         2
         2
       136
 1.78152498666157e+06         8
        52
        66
        68
       114
       135
       153
       194
       200
 7.17269720520437e+05         2
        40
       120
 1.39855190121893e+06         3
        12
        26
       117
 1.58522863398340e+06         7
         2
        41
        47
        51
       148
       191
       195
 7.51270004479789e+05         1
        27
 1.29212944489455e+06         3
        35
        89
       116
 1.02720257743861e+06         4
        25
        51
        55
       110
 1.32820259109930e+06         5
        27
        70
        86
       142
       193
 1.37264187528165e+06         7
        35
        43
        60
        81
       115
       158
       170
 1.53991324491053e+06         5
        65
        77
        95
       105
       131
 8.84647095614373e+05         3
         2
       122
       164
 1.94876025894675e+06         7
        34
        87
       110
       136
       139
       165
       193
 2.40075384190680e+06         8
        14
        35
       116
       117
       154
       157
       181
       200
 8.39694712335339e+05         1
        41
 2.00848709939560e+06         6
        14
        41
        76
        87
       107
       184
 1.43209536641361e+06         6
         1
        62
       135
       153
       156
       166
 8.52367228747689e+05         3
         4
        24
        81
 9.13884012893877e+05         3
        97
        98
       193
 7.39553955879474e+05         3
        16
       148
       178
 1.54232395803466e+06         7
        40
        45
        47
        87
       120
       130
       181
 3.33464608678525e+05         1
       103
 1.35051289089026e+06         4
        89
       115
       152
       161
 1.57173519998921e+06         5
        31
        69
        91
       131
       200
 4.00232429910421e+05         2
        58
        81
 2.10121905592116e+06         7
        26
        27
        29
        45
        56
        86
       142
 5.47032566800186e+05         2
        97
       134
 4.79217301433391e+05         4
         9
        29
       138
       139
 6.89928237062359e+05         3
        59
        79
       148
 7.26015907577623e+05         1
       166
 2.42667116816725e+06         7
        68
       121
       137
       164
       183
       185
       199
 1.31242710773732e+06         3
        41
        95
       152
 1.70212835915577e+06         8
         6
       115
       116
       120
       134
       166
       172
       180
 1.32605558870965e+06         6
        21
        37
        39
       181
       182
       196
 6.18758123212294e+05         3
        13
        64
       125
 1.61858496032171e+06         6
         4
        91
       155
       158
       167
       181
 1.43096926355587e+06         5
        27
        30
        78
       123
       140
 1.50241028207111e+06         6
        20
        39
        55
       116
       131
       142
 2.14427969075010e+06         7
        16
        18
        99
       118
       181
       184
       193
 1.24410885821112e+06         4
         1
        51
        90
       154
 3.34345906895007e+05         2
       111
       181
 8.21691786914047e+05         5
        23
       138
       161
       176
       193
 1.27760702809138e+06         4
        43
        61
        63
       172
 5.92343480937417e+05         3
        15
        27
       122
 1.03834091827492e+06         2
        45
       169
 7.65099144490438e+05         2
        12
       169
 2.17912129091346e+06         8
        10
        15
        48
        78
        99
       134
       145
       146
 1.71761163952310e+06         5
        65
       110
       116
       163
       195
 6.20740847413790e+05         4
         3
        46
       105
       175
 1.68456343773393e+06         5
        11
        31
        82
       188
       200
 3.86072614250890e+05         1
       144
 6.27061029793886e+05         1
        13
 1.38442476547539e+06         8
        31
        37
        69
        81
       144
       172
       176
       196
 1.56592235862405e+06         5
        74
       131
       150
       169
       192
 2.05387826851464e+06         7
        12
       103
       111
       123
       158
       159
       194
 7.82738401758851e+05         2
        67
       149
 9.95724050258178e+05         3
        36
       102
       123
 4.50617003825802e+05         1
        11
 5.60860864882671e+05         1
        88
 1.15312374852283e+06         3
        42
       141
       169
 1.52618114153431e+06         5
        18
        39
        97
       137
       156
 1.61286643049251e+06         4
        22
        57
        87
       200
 9.98198143294260e+05         4
         9
       120
       122
       196
 1.69356753859670e+06         6
        51
        76
        99
       119
       163
       196
 5.93582328590399e+05         1
       153
 2.19151837946857e+06         8
        48
        83
        86
       131
       132
       144
       180
       191
 2.97583135238633e+05         1
        37
 1.48760646257320e+06         5
       129
       155
       179
       185
       193
 6.51628514824414e+05         2
        77
       144
 6.09720673687450e+05         1
        98
 1.35833872724197e+06         5
         6
        23
        66
       153
       162
 8.44308225339905e+05         1
       200
 9.02891369790772e+05         4
         5
         9
        24
        83
 1.99857320253115e+06         7
        18
        34
        66
        76
       123
       129
       185
 9.60507470549137e+05         6
         2
        52
        61
       101
       139
       170
 1.47462925379936e+06         6
        26
        64
       130
       144
       151
       156
 1.68120872631506e+06         5
        28
        66
        89
       129
       154
 1.22875549376886e+06         5
         8
       102
       135
       145
       178
 5.85181955246119e+05         2
        52
       106
 1.41997793995617e+06         4
        49
       124
       172
       188
 9.03031317725650e+05         4
        20
        39
        76
       125
 7.29490955503100e+05         3
         3
       114
       146
 1.84715006967248e+06         5
        65
       143
       177
       180
       198
 4.39080204231528e+05         2
        82
       121
 9.52690861012090e+05         3
         8
        11
       140
 4.94661188309736e+05         2
       122
       151
 2.00197479495219e+06         8
         8
        34
        52
        68
       131
       155
       161
       199
 7.58242567344864e+05         3
        10
        34
        51
 1.69593348666404e+06         6
        15
        51
        54
       107
       124
       137
 5.32592605871919e+05         1
        58
 1.26974015154579e+06         4
       120
       148
       152
       198
 8.65460257371375e+05         1
        93
 1.36181100842812e+06         2
       174
       185
 1.12148422459703e+06         2
        89
       181
 1.37619032960706e+06         2
       184
       192
 7.34084739497970e+05         1
        13
 1.64678457498318e+06         6
        65
        92
        98
       100
       137
       145
 5.47032566800186e+05         2
        97
       166
 6.26951309899250e+05         3
        28
        50
       138
 1.62759077811967e+06         5
        54
        64
        89
       100
       177
 2.40169343831096e+06         8
         1
        12
       100
       132
       162
       169
       179
       199
 9.15695559594172e+05         3
        42
        51
        55
 7.56440749121041e+05         1
        70
 1.64123187387199e+06         6
         9
        64
        87
       137
       162
       163
 1.85261497693120e+06         6
         7
        15
        81
       136
       165
       177
 2.36373984157911e+06         8
        68
        90
       100
       121
       136
       145
       184
       186
 1.83834912838154e+06         8
         8
        27
        75
       122
       130
       138
       140
       172
 9.45017397889741e+05         3
        80
        94
       169
 5.51275841990759e+05         3
        11
        40
        76
 1.08233864593562e+06         6
         3
        15
        36
        92
       100
       155
 9.83168405677839e+05         1
       177
 1.56529079884803e+06         7
         3
        56
        97
       108
       126
       183
       199
 1.38712996865408e+06         4
        14
        72
        88
       174
 1.36807954497725e+06         5
         2
        26
        65
       112
       200
 6.13991311382825e+05         1
       139
 7.59693659083342e+05         1
       182
 1.15284424742981e+06         2
       143
       155
 5.50708657354303e+05         1
       111
 2.48910633015702e+06         7
        41
       121
       129
       145
       170
       182
       188
 6.76914898433079e+05         1
        56
 1.74221927779847e+06         6
         8
        36
        59
       126
       130
       131
 1.59987672216932e+06         5
        24
        66
        91
       133
       177
 7.48741010311068e+05         4
        68
        82
       181
       189
 1.74183282989536e+06         5
        57
       141
       148
       175
       188
 8.68774326155287e+05         1
       120
 1.34333950538263e+06         5
        40
        84
       102
       143
       171
 1.00685368692829e+06         4
        23
        95
       110
       176
 1.36739366075017e+06         6
         4
        25
        99
       151
       160
       186
 2.82473587134020e+05         1
       138
 1.20596167410206e+06         8
         9
        37
        38
        68
        75
       110
       153
       200
 1.52428230017760e+06         7
        18
        73
        91
       106
       128
       171
       192
 9.59675874969991e+05         4
       106
       138
       149
       178
 5.18092319437376e+05         2
        90
       146
 1.60597563143875e+06         6
        28
        63
        71
        78
       126
       198
 2.31104233262557e+06         6
         7
        26
        63
        87
       185
       199
 9.39931834771244e+05         2
       140
       147
 1.39150568660523e+06         4
       137
       169
       192
       193
 1.35407053143608e+06         4
        17
        98
       133
       147
 9.43637940832212e+05         4
        82
        86
       163
       188
 7.68787464451859e+05         1
       161
 4.94128298438325e+05         1
       173
 1.39994630997403e+06         5
        27
        29
       109
       149
       187
 1.52518317030387e+06         3
        32
        50
       147
 1.23031901510624e+06         2
        43
        64
 5.40599061440438e+05         2
        75
       113
 1.27580684732693e+06         4
       114
       117
       146
       179
 2.47455528163328e+06         7
         4
        79
        80
       167
       168
       173
       177
 2.14320605359915e+06         4
        26
        74
        96
       187
 1.36480550114073e+06         2
       131
       193
 1.45312161711068e+06         3
       122
       130
       188
 1.55466363518545e+06         5
        75
       136
       150
       169
       184
 1.25493947168256e+06         5
        36
        40
        95
       115
       159
 1.43436431223693e+06         6
        35
        80
        84
        99
       115
       117
 1.98023869519980e+06         8
        17
        81
       121
       138
       153
       174
       176
       190
 1.38083120271574e+06         4
        91
       102
       116
       188
 8.10219141053671e+05         1
       167
 2.08646191013165e+06         6
        38
        84
        87
       117
       122
       194
 2.18747652305861e+06         6
        20
        32
        66
       119
       133
       200
 1.17084840518574e+06         3
        43
        68
       132
 1.99929569583936e+06         7
         2
         5
        57
        85
       126
       134
       175
 7.36780696999967e+05         5
        35
        64
       109
       122
       192
 3.39616937746043e+05         2
         9
       195
 2.33951209247533e+06         7
        14
        92
       101
       131
       139
       149
       192
 1.17036346096416e+06         2
        52
        74
 4.43814789806022e+05         2
       101
       178
 7.89611944440657e+05         1
        45
 9.94507774222286e+05         4
        33
        51
        74
       143
 1.04614851519908e+06         5
        20
        81
       102
       171
       197
 1.26664361821896e+06         8
         2
        18
        58
       100
       121
       138
       181
       192
 6.45679067650214e+05         3
       125
       161
       181
 1.79879275574322e+06         7
        49
        59
        72
       129
       163
       166
       194
 1.18865457123614e+06         5
        11
        21
        81
       124
       195
 1.54477182892421e+06         3
        63
       162
       193
 1.04057947232781e+06         1
       107
 5.95664392694288e+05         3
         3
       121
       124
 8.45549037788003e+05         1
        69
 2.18969250298018e+06         8
        12
        42
        48
        75
        98
       117
       140
       173
 8.71891224299351e+05         1
       165
 2.55860730384289e+06         8
         6
        65
        80
        98
       129
       139
       146
       167
 2.04312970759437e+06         8
         9
        26
        32
        38
        45
       104
       143
       144
 1.41563812925944e+06         4
        62
        63
        77
       179
 8.70370185369007e+05         3
        56
        58
        61
 1.97536119657492e+06         6
        26
        82
       132
       141
       146
       154
 1.46046065088667e+06         6
        42
        46
        58
       119
       150
       194
 1.69145132166219e+06         4
        41
       117
       168
       187
 7.21660382195124e+05         3
        31
        59
        66
 1.80981127944057e+06         4
        36
       154
       177
       193
 1.64177663450702e+06         7
        22
        29
        52
       103
       107
       117
       147
 3.05957110314501e+05         2
        71
       121
 1.99977215706403e+06         6
        19
        42
        55
       145
       157
       180
 7.22580649939406e+05         1
       179
 1.68131852182119e+06         7
        89
        98
       114
       128
       131
       143
       180
 1.64767656756164e+06         4
        30
        49
       113
       136
 1.52799994673530e+06         7
        13
        46
        72
       113
       127
       159
       189
 1.01504627927673e+06         3
       112
       162
       186
 2.03931806231702e+06         6
        78
        81
       117
       137
       142
       174
 1.71911669138745e+06         5
        14
        22
        29
        74
       179
 1.57659076266447e+06         5
        40
        48
        60
        81
       131
 3.16852109953271e+05         2
        82
       155
 1.21521036633015e+06         4
        69
       130
       147
       170
 1.34934220205422e+06         3
         1
        58
       118
 1.11025733178161e+06         3
        63
       103
       193
 1.04184358752613e+06         5
        12
        31
        85
       100
       177
 1.75952935272959e+06         6
        30
        53
        77
        78
       110
       188
 9.01721665454346e+05         1
       129
 5.88927023206770e+05         1
        85
 2.19035481623005e+06         7
         1
       117
       129
       132
       165
       186
       187
 5.67696882282351e+05         3
        91
       112
       151
 1.55456318553533e+06         5
         6
        24
        45
        68
        77
 1.58160036785954e+06         6
        22
        61
        74
       109
       177
       199
 1.39959261401309e+05         2
        46
        55
 1.60242882481072e+06         5
        42
        61
        72
       130
       177
 1.30907462650509e+06         3
       122
       179
       187
 4.61534142342687e+05         2
        95
       150
 1.38143221600757e+06         3
        25
       157
       180
 2.16252275243522e+05         2
        34
       144
 1.57226671151876e+06         7
        27
        32
        81
       101
       138
       161
       200
 5.36741045386339e+05         1
       102
 2.07118957173310e+06         7
         6
        54
        56
       124
       157
       166
       180
 1.71635453398135e+06         6
        69
       120
       132
       156
       168
       184
 2.13888180975267e+06         5
        16
        43
        96
        99
       154
 9.66388601994385e+05         3
         3
        64
       106
 1.82695672350611e+06         7
         4
        24
        49
       128
       174
       175
       177
 2.04850917224192e+06         6
         1
        11
        21
       117
       154
       184
 8.24541222125223e+05         1
        95
 1.15926945744987e+06         1
        25
 2.03438176440673e+06         8
        73
        77
        93
       117
       133
       166
       191
       196
 4.31287333074385e+05         3
        15
       124
       190
 7.16664337424623e+05         1
        87
 6.99029731685284e+05         2
       121
       176
 1.87133437353572e+06         7
        19
        59
        80
       132
       157
       166
       186
 5.91718211109458e+05         3
        32
       125
       153
 1.59086884283358e+06         6
         1
        31
        34
        60
       127
       128
 1.44395217496755e+06         7
         9
        40
        55
        99
       114
       116
       151
 7.49048329426236e+05         3
         5
       111
       138
 1.20364650294023e+06         5
         5
        37
       141
       152
       163
 1.11991125824387e+06         1
       175
 7.51711311483021e+05         1
       156
 4.03625863556834e+05         2
       126
       141
 1.22456207344883e+06         6
         2
        32
        36
        48
       153
       176
 1.26244610037300e+06         5
        13
        22
       113
       189
       190
 2.73732587431484e+05         1
       141
 8.18917698721917e+05         2
        21
        75
 1.54346054270464e+06         7
        27
        53
        67
        87
        94
       103
       185
 1.35001822027963e+06         3
       108
       150
       152
 2.06614390833111e+06         8
        14
        40
        56
        60
        95
       119
       177
       179
 1.10556091454482e+06         3
        17
        33
       162
 6.52168458761657e+05         1
       127
 1.97347000500013e+06         6
        82
        85
       122
       133
       157
       194
 7.52362536847444e+05         4
       141
       146
       148
       191
 5.47032566800186e+05         2
        97
       197
 1.23389804790649e+06         5
        45
       100
       115
       189
       194
 1.07174257283730e+06         8
         9
        15
        17
        29
        37
        88
       157
       190
 1.04128184631791e+06         1
        65
 5.62228916517107e+05         2
        85
       110
 1.31508330482835e+06         3
       106
       116
       167
 1.43284390765714e+06         6
        23
        27
        39
       103
       136
       199
 1.34414256065901e+06         4
       142
       145
       167
       193
 2.48450154784624e+06         7
        54
        79
       130
       135
       162
       166
       167
 1.77707279912137e+06         7
        41
        62
        75
        96
       124
       146
       182
 1.61837164184967e+06         5
        49
       102
       117
       129
       147
 1.87758653163143e+06         5
        65
        84
       104
       117
       199
 1.30393860876827e+06         3
        92
       135
       136
 1.00428507253152e+06         1
       113
 8.64206097344361e+05         3
         2
        48
        68
 8.18368817090077e+05         2
        70
       101
 6.73774341406684e+05         2
        36
       186
 1.92672797888334e+06         7
         1
         3
        29
        50
        92
       153
       199
 1.02980391405743e+06         2
        17
       125
 1.11185612810644e+06         1
       129
 1.39007474834962e+06         4
        28
        68
        78
       180
 1.80889857020268e+06         8
         8
        24
        98
       125
       135
       157
       184
       197
 8.42313155524762e+05         4
       145
       159
       178
       186
 1.95797733030675e+06         5
         1
         5
        24
        48
        96
 1.78982351326390e+06         8
         7
        47
        56
        57
       114
       124
       137
       152
 8.55898361246259e+05         4
        11
        82
       140
       141
 8.79288684454554e+05         2
        13
        19
 1.39171408440152e+06         5
        21
        46
       132
       159
       199
 6.41537509937468e+05         1
       106
 4.06472216496835e+05         1
       163
 1.14191998169241e+06         6
        39
       127
       141
       165
       169
       179
 1.21125589205800e+06         2
        93
       194
 2.24114629584545e+06         7
         8
        65
        81
       136
       141
       143
       188
 3.08290738012027e+05         2
        22
       195
 1.74921233957283e+06         8
        54
        92
       103
       144
       151
       157
       182
       190
 2.12909717680996e+06         7
         2
        17
        66
        99
       133
       162
       178
 1.59824340999951e+06         8
        32
        76
        86
       107
       137
       146
       150
       155
 7.63251067330511e+05         2
       128
       168
 1.15007530245185e+06         4
        12
        46
        59
       187
 1.61723497240324e+06         8
         5
        26
        27
        46
        80
       101
       113
       122
 5.92654635122814e+05         2
        64
       143
 1.91347114108149e+06         5
        16
        18
       106
       159
       179
 1.04036286364225e+06         5
        16
        42
        83
       169
       173
 7.83014102203905e+05         1
       143
 1.57747079989166e+06         8
        50
        54
        61
        66
        84
       137
       180
       185
 2.55145991038047e+06         8
         3
        47
        54
        74
       129
       131
       168
       194
 2.41747652969422e+06         8
         4
        12
        18
        58
       131
       149
       167
       169
 1.96151271682179e+06         7
        50
        81
        82
       111
       117
       162
       163
 8.46644620660313e+05         5
        22
        24
        26
        53
        93
 1.17395383945636e+06         6
        75
       102
       160
       161
       192
       199
 9.94563796847643e+05         2
       112
       145
 1.29883797847881e+06         3
        50
        69
       184
 1.42000677513956e+06         7
         9
        20
        61
       178
       190
       191
       198
 2.76708961010838e+05         1
        47
 1.24526545947728e+06         6
        10
        43
        85
       101
       120
       171
 1.81807921820180e+06         5
        12
        23
        69
       154
       168
 1.20348590551592e+06         6
       117
       124
       173
       178
       179
       199
 2.01545184135406e+06         7
        18
        20
        50
        56
       110
       179
       194
 1.62113480273042e+06         5
        17
        74
        84
       130
       142
 2.35463167572036e+06         7
        30
        36
        61
       113
       152
       169
       200
 2.17465768945155e+06         8
        56
        68
        98
       113
       123
       149
       160
       175
 1.71805447922276e+06         7
        27
        62
        93
        95
       140
       160
       184
 1.37517814246463e+06         4
        18
        54
       179
       190
 1.33641821300462e+06         4
        54
        76
       105
       111
 3.41928327702405e+05         3
         9
        93
       103
 7.22716611513804e+05         3
        36
       109
       156
 7.79394909923706e+05         2
        60
       115
 1.85529026800127e+06         8
         2
         4
        25
        45
        51
        76
        84
       191
 1.08403392573912e+06         3
        49
        59
       122
 1.27177548799974e+06         1
       131
 1.73490455645223e+06         6
        17
        19
        27
        70
       111
       198
 1.03599081694227e+06         1
       193
 1.74020970589738e+06         5
        24
        30
        31
        89
       157
 3.79170507212784e+05         2
       108
       119
 1.34954473127740e+06         4
        24
        80
       100
       191
 1.19452841224696e+06         6
       108
       116
       165
       183
       194
       199
 1.79297000500884e+06         4
        80
       105
       134
       159
 2.45869399120753e+05         2
       109
       198
 1.57835948090094e+06         7
        19
        24
        51
        61
        69
        86
       195
 1.92746909838475e+06         5
        18
        92
        97
       107
       162
 1.58152303201545e+06         5
        52
        57
        66
       126
       195
 4.59599289174602e+05         3
        33
       145
       155
 1.41410163373873e+06         3
        82
       133
       194
 5.13597178123879e+05         3
        23
        71
       157
 1.96410207237527e+06         8
        39
       105
       120
       122
       130
       145
       147
       177
 9.82827500479133e+05         4
        32
        51
        92
       124
 7.55837591398416e+05         2
       147
       151
 5.77627407240373e+05         3
        96
       140
       170
 7.78518103009356e+05         4
         2
        96
       116
       127
 1.02593690551575e+06         4
        84
        99
       125
       143
 1.50404025334737e+06         3
        30
       122
       161
 1.42512659842004e+06         5
        25
       100
       128
       185
       194
 1.72002226543990e+06         7
        33
        48
        66
        69
        75
       111
       147
 1.55135810672330e+06         8
        18
        61
        66
        78
       100
       171
       173
       184
 1.53007469302193e+06         7
        45
        54
        83
        85
        90
       101
       190
 1.22974235830112e+06         7
        81
        85
        87
       124
       172
       189
       196
 1.88220077470430e+06         7
        25
        30
        65
        78
        98
       135
       188
 1.22992638738186e+06         3
        33
        65
       165
 1.30433341328391e+06         3
        70
       150
       200
 9.80168362323113e+05         1
       182
 1.06103550239904e+06         4
        51
        94
       185
       191
 2.21395483596590e+06         7
        76
        99
       132
       152
       153
       157
       197
 4.03864300328983e+05         3
        15
        42
       148
 1.59483638495405e+06         4
         7
        40
       115
       149
 2.08313780107595e+06         6
        53
        70
       146
       159
       172
       174
 1.27233749359190e+06         6
        17
        37
        41
        44
       124
       170
 2.09872981461254e+06         6
        17
        25
        28
        80
       163
       191
 1.56359364835049e+06         5
         5
       101
       175
       177
       188
 1.56051239324232e+06         7
         2
         7
        44
        53
        60
       138
       183
 7.82390814161812e+05         4
        45
        83
       138
       197
 1.93823277975602e+06         7
        29
        63
        69
       103
       120
       133
       177
 1.11988550435741e+06         5
        32
        53
        96
       109
       193
 1.27660530801655e+06         5
         3
        77
       105
       175
       191
 1.96502721539903e+06         8
         5
        48
        89
        95
       121
       173
       175
       195
 1.00392061646726e+06         2
        10
        48
 1.83447487454821e+06         4
        36
        82
        99
       194
 8.09586207506385e+05         1
       106
 1.38774280830791e+06         5
        37
        72
       106
       174
       179
 1.79107077926619e+06         6
         6
         7
        74
       161
       166
       173
 5.22032750087421e+05         1
         9
 1.66090071359176e+06         7
        44
        74
       120
       123
       133
       153
       182
 3.08290738012027e+05         2
        22
       135
 1.56735043822304e+06         7
        50
        74
       103
       110
       118
       125
       153
 1.41939233248252e+06         5
        34
        63
        95
       156
       197
 5.54327951458340e+05         2
        31
        83
 1.02005838973831e+06         1
       187
 1.62897509705803e+06         4
        21
       136
       142
       164
 3.41091937804475e+05         1
        94
 9.37536388224006e+05         4
        12
       158
       178
       193
 9.21022529059632e+05         3
        47
        70
       110
 1.94621504469897e+06         5
        20
        26
        99
       122
       130
 1.18199945610025e+06         5
        17
        19
        63
       107
       195
 1.72551575794153e+06         8
        13
        26
        38
        63
        96
       140
       161
       190
 1.35314713460994e+06         4
        34
        86
       113
       137
 1.84134935331104e+06         7
        62
        78
       136
       139
       179
       197
       199
 1.72359951309389e+06         8
         6
        25
        49
        60
        77
        90
        98
       176
 1.41371017713497e+06         4
         1
        10
        16
       144
 8.46802522145504e+05         2
       132
       140
 1.78827265473240e+06         6
        73
        74
        83
       147
       175
       187
 1.30547048448859e+06         1
       137
 7.00105985647887e+05         2
        32
       179
