        10
        40
 2.05581242114887e+03         5
         1
         2
         4
         5
         9
 1.89394893400480e+03         6
         2
         4
         5
         8
         9
        10
 1.52527892838318e+03         1
         5
 1.30003047547502e+03         3
         4
         8
        10
 1.85706051694445e+03         4
         1
         4
         6
        10
 2.11216058330938e+03         8
         1
         3
         4
         5
         6
         7
         8
         9
 7.99717508879847e+02         3
         3
         7
         8
 1.00641508879588e+03         1
        10
 7.64198926981712e+02         1
         8
 1.85159336755747e+03         3
         1
         4
         6
 1.54897590558342e+03         5
         1
         3
         6
         8
         9
 2.25894105851588e+03         7
         1
         2
         4
         5
         6
         7
         8
 9.26111741335846e+02         4
         5
         6
         7
         9
 1.83952234011993e+03         6
         2
         3
         4
         6
         8
        10
 2.03234377974637e+03         8
         2
         3
         4
         5
         6
         8
         9
        10
 1.24957392820010e+03         4
         1
         2
         3
         8
 9.02535960592709e+02         1
         4
 1.16614608125347e+03         1
         2
 1.88917869581028e+03         4
         3
         4
         5
         7
 7.97178200590562e+02         1
         7
 1.50587189941634e+03         1
         1
 2.13494776149417e+03         6
         1
         2
         4
         6
         9
        10
 1.53745593025409e+03         6
         1
         3
         6
         8
         9
        10
 2.12614656045676e+03         8
         2
         3
         4
         5
         7
         8
         9
        10
 7.88695085700441e+02         2
         7
         8
 1.09451239262696e+03         2
         5
        10
 1.70691061907600e+03         6
         1
         2
         3
         6
         7
        10
 1.87396619682990e+03         4
         1
         2
         4
         8
 2.10278728616362e+03         4
         1
         2
         4
         6
 1.21870774458987e+03         1
         9
 1.91838347988290e+03         7
         3
         4
         5
         6
         7
         8
         9
 7.64198926981712e+02         1
         8
 1.70772945455343e+03         7
         1
         2
         3
         6
         7
         9
        10
 1.23631722157307e+03         3
         2
         3
        10
 7.71111031442247e+02         1
         8
 1.99832920888271e+03         8
         1
         3
         4
         5
         6
         8
         9
        10
 1.96182106893218e+03         5
         1
         3
         4
         5
         6
 1.84214654974613e+03         4
         1
         2
         6
         8
 1.82892832686927e+03         8
         1
         2
         3
         5
         7
         8
         9
        10
 2.29028269836900e+03         8
         1
         2
         4
         5
         6
         7
         8
        10
