        15
        40
 6.85804667789587e+04         2
         2
        14
 1.99029356480980e+05         5
         1
         4
         8
        14
        15
 1.21551999826169e+05         5
         2
         5
         6
        10
        14
 1.23539518597730e+05         5
         2
         6
         7
        14
        15
 1.06523660045353e+05         2
         8
        15
 7.00228571569396e+04         2
         2
         5
 1.08897948245252e+05         2
         3
         8
 1.17487705979739e+05         4
         3
         6
         7
        12
 1.37525924863355e+05         4
         1
         7
         8
        10
 1.58209404108274e+05         6
         1
         2
         3
         4
         7
        14
 8.73590154609354e+04         5
         6
         7
        11
        14
        15
 7.01876286350008e+04         1
         5
 1.17506555265248e+05         5
         3
         4
         6
         8
        14
 4.94457638594529e+04         2
         6
        14
 1.40688901425102e+05         4
         3
         8
        12
        13
 7.21470428777230e+04         2
         1
         2
 1.30545297245184e+05         3
         1
         9
        13
 1.15605074006291e+05         2
         3
        10
 1.34908438413926e+05         5
         8
        10
        13
        14
        15
 1.39578471652813e+05         6
         2
         7
        10
        12
        14
        15
 1.13209569289052e+05         4
         4
         5
        10
        13
 1.32693285889912e+05         6
         2
         4
         5
        12
        14
        15
 1.70907080290058e+05         5
         1
         2
         7
        12
        13
 1.41738349012587e+05         6
         1
         3
         5
        11
        13
        14
 1.15507615074737e+05         2
         9
        12
 1.38637365957690e+05         6
         1
         2
         9
        10
        13
        15
 1.04141715222353e+05         3
         2
         5
        13
 1.15605074006291e+05         2
         3
        15
 1.67611562761738e+05         5
         1
         2
         4
         7
        13
 1.65689899558439e+05         5
         1
         7
         8
         9
        12
 7.21470428777230e+04         2
         1
         3
 1.31544687396022e+05         1
         2
 1.80834785816104e+05         6
         4
         8
         9
        10
        14
        15
 1.06342144944843e+05         1
        13
 1.13991557759525e+05         5
         2
         3
         4
         6
        14
 7.21470428777230e+04         2
         1
         2
 1.53880165028708e+05         6
         2
         4
         8
        10
        12
        14
 7.33303530721564e+04         3
        10
        12
        14
 8.89961538375898e+04         1
        13
 1.66611378432657e+05         6
         1
         2
         5
         9
        12
        15
