        16
        15
 4.00000000000000e+00         4
         1
         2
         3
         5
 3.00000000000000e+00         3
         1
         2
         6
 4.00000000000000e+00         4
         2
         5
         6
        10
 2.00000000000000e+00         2
         3
         7
 4.00000000000000e+00         4
         3
         4
         8
        12
 3.00000000000000e+00         3
         4
         7
         8
 3.00000000000000e+00         3
         5
         9
        13
 2.00000000000000e+00         2
         6
         7
 3.00000000000000e+00         3
         7
         8
        11
 3.00000000000000e+00         3
         9
        10
        11
 2.00000000000000e+00         2
        10
        14
 4.00000000000000e+00         4
        11
        13
        14
        15
 2.00000000000000e+00         2
        12
        16
 3.00000000000000e+00         3
        12
        15
        16 
 2.00000000000000e+00         2
        15
        16
