        20
        40
 1.32556277367926e+05         3
         3
         7
        10
 1.38371457815776e+05         6
         3
         6
         8
        11
        15
        17
 2.04211704084454e+05         7
         1
         3
         6
        12
        13
        19
        20
 2.24848039895025e+05         7
         3
         4
         6
         7
        12
        15
        20
 2.17807216612212e+05        11
         1
         2
         6
         7
         8
         9
        10
        13
        15
        18
        19
 8.71345209988673e+04         2
        10
        14
 2.22001754835707e+05        10
         1
         2
         3
         4
         5
         7
        10
        12
        16
        18
 1.89931699132003e+05         8
         2
         6
         7
        10
        12
        15
        16
        17
 1.30377826681736e+05         3
         7
         9
        11
 2.21948268664226e+05        10
         1
         3
         4
         6
         8
        11
        17
        18
        19
        20
 1.48289777956739e+05         8
         3
         5
         6
         9
        12
        13
        14
        17
 1.94351758636233e+05         5
         4
        10
        11
        17
        18
 1.68005778774871e+05         8
         3
         4
         6
         9
        10
        16
        17
        18
 2.04324249234820e+05         9
         1
         6
         9
        11
        12
        13
        15
        16
        17
 2.46598294573477e+05        10
         1
         4
         5
         6
         7
         8
         9
        17
        18
        19
 2.68624925413442e+05        11
         5
         7
         8
         9
        11
        12
        15
        16
        17
        18
        19
 2.12879394669122e+05        12
         2
         3
         5
         6
         8
         9
        10
        12
        13
        17
        18
        20
 2.02050639913017e+05        10
         5
         6
         8
        10
        12
        13
        14
        16
        19
        20
 1.90247293493670e+05         8
         6
         7
        11
        13
        14
        16
        18
        20
 1.96634427318274e+05         7
         1
         7
        10
        12
        14
        15
        16
 1.72885349308176e+05         9
         3
         6
         8
         9
        10
        14
        15
        16
        18
 2.01574536441390e+05         9
         3
         5
         6
         8
        12
        15
        17
        18
        20
 1.72489332966026e+05         8
         2
         5
         9
        10
        11
        12
        18
        20
 1.51757007987942e+05         6
         8
         9
        10
        16
        18
        20
 1.71292170569514e+05         8
         7
         9
        10
        11
        15
        16
        17
        20
 1.76901341230171e+05         7
         5
         7
         8
        10
        13
        16
        19
 1.84844851612573e+05         8
         1
         2
         9
        12
        13
        16
        17
        20
 1.61811614289548e+05         4
         2
         6
        11
        15
 1.47286802450772e+05         5
         1
         5
        10
        16
        20
 2.00417527802144e+05         5
        13
        14
        17
        18
        20
 1.60332755570733e+05         6
         2
         3
         9
        13
        17
        20
 1.78189988498465e+05         9
         3
         4
         8
        13
        16
        17
        18
        19
        20
 2.08758626128803e+05         9
         2
         6
         7
         9
        11
        12
        16
        19
        20
 1.05458741544370e+05         3
         7
        11
        13
 9.14673248995361e+04         3
         1
        16
        19
 1.06550096052972e+05         1
         3
 1.64675895678974e+05         4
         5
         6
        11
        18
 2.69573038279196e+05        12
         2
         3
         4
         5
         7
         8
        12
        14
        17
        18
        19
        20
 2.15902328773023e+05        10
         1
         2
         3
         6
        12
        14
        15
        16
        18
        20
 2.02077234637918e+05         7
        12
        13
        14
        16
        17
        18
        19
