        35
        15
 1.00000000000000e+00         7
         3
         4
         7
        10
        21
        26
        31
 1.00000000000000e+00         7
         4
         5
         6
         8
        22
        27
        32
 1.00000000000000e+00         7
         1
         5
         7
         9
        23
        28
        33
 1.00000000000000e+00         7
         1
         2
         8
        10
        24
        29
        34
 1.00000000000000e+00         7
         2
         3
         6
         9
        25
        30
        35
 1.00000000000000e+00         7
         1
         6
        13
        14
        17
        20
        31
 1.00000000000000e+00         7
         2
         7
        14
        15
        16
        18
        32
 1.00000000000000e+00         7
         3
         8
        11
        15
        17
        19
        33
 1.00000000000000e+00         7
         4
         9
        11
        12
        18
        20
        34
 1.00000000000000e+00         7
         5
        10
        12
        13
        16
        19
        35
 1.00000000000000e+00         7
        11
        16
        23
        24
        27
        30
        31
 1.00000000000000e+00         7
        12
        17
        24
        25
        26
        28
        32
 1.00000000000000e+00         7
        13
        18
        21
        25
        27
        29
        33
 1.00000000000000e+00         7
        14
        19
        21
        22
        28
        30
        34
 1.00000000000000e+00         7
        15
        20
        22
        23
        26
        29
        35
