       330
        45
 1.00000000000000e+00        22
         3
         4
         7
        10
        21
        26
        31
       106
       107
       108
       109
       110
       111
       112
       113
       114
       115
       116
       117
       118
       119
       120
 1.00000000000000e+00        22
         4
         5
         6
         8
        22
        27
        32
       121
       122
       123
       124
       125
       126
       127
       128
       129
       130
       131
       132
       133
       134
       135
 1.00000000000000e+00        22
         1
         5
         7
         9
        23
        28
        33
       136
       137
       138
       139
       140
       141
       142
       143
       144
       145
       146
       147
       148
       149
       150
 1.00000000000000e+00        22
         1
         2
         8
        10
        24
        29
        34
       151
       152
       153
       154
       155
       156
       157
       158
       159
       160
       161
       162
       163
       164
       165
 1.00000000000000e+00        22
         2
         3
         6
         9
        25
        30
        35
       166
       167
       168
       169
       170
       171
       172
       173
       174
       175
       176
       177
       178
       179
       180
 1.00000000000000e+00        22
         1
         6
        13
        14
        17
        20
        31
       181
       182
       183
       184
       185
       186
       187
       188
       189
       190
       191
       192
       193
       194
       195
 1.00000000000000e+00        22
         2
         7
        14
        15
        16
        18
        32
       196
       197
       198
       199
       200
       201
       202
       203
       204
       205
       206
       207
       208
       209
       210
 1.00000000000000e+00        22
         3
         8
        11
        15
        17
        19
        33
       211
       212
       213
       214
       215
       216
       217
       218
       219
       220
       221
       222
       223
       224
       225
 1.00000000000000e+00        22
         4
         9
        11
        12
        18
        20
        34
       226
       227
       228
       229
       230
       231
       232
       233
       234
       235
       236
       237
       238
       239
       240
 1.00000000000000e+00        22
         5
        10
        12
        13
        16
        19
        35
       241
       242
       243
       244
       245
       246
       247
       248
       249
       250
       251
       252
       253
       254
       255
 1.00000000000000e+00        22
        11
        16
        23
        24
        27
        30
        31
       256
       257
       258
       259
       260
       261
       262
       263
       264
       265
       266
       267
       268
       269
       270
 1.00000000000000e+00        22
        12
        17
        24
        25
        26
        28
        32
       271
       272
       273
       274
       275
       276
       277
       278
       279
       280
       281
       282
       283
       284
       285
 1.00000000000000e+00        22
        13
        18
        21
        25
        27
        29
        33
       286
       287
       288
       289
       290
       291
       292
       293
       294
       295
       296
       297
       298
       299
       300
 1.00000000000000e+00        22
        14
        19
        21
        22
        28
        30
        34
       301
       302
       303
       304
       305
       306
       307
       308
       309
       310
       311
       312
       313
       314
       315
 1.00000000000000e+00        22
        15
        20
        22
        23
        26
        29
        35
       316
       317
       318
       319
       320
       321
       322
       323
       324
       325
       326
       327
       328
       329
       330
 1.00000000000000e+00        22
        38
        39
        42
        45
        56
        61
        66
       106
       121
       136
       151
       166
       181
       196
       211
       226
       241
       256
       271
       286
       301
       316
 1.00000000000000e+00        22
        39
        40
        41
        43
        57
        62
        67
       107
       122
       137
       152
       167
       182
       197
       212
       227
       242
       257
       272
       287
       302
       317
 1.00000000000000e+00        22
        36
        40
        42
        44
        58
        63
        68
       108
       123
       138
       153
       168
       183
       198
       213
       228
       243
       258
       273
       288
       303
       318
 1.00000000000000e+00        22
        36
        37
        43
        45
        59
        64
        69
       109
       124
       139
       154
       169
       184
       199
       214
       229
       244
       259
       274
       289
       304
       319
 1.00000000000000e+00        22
        37
        38
        41
        44
        60
        65
        70
       110
       125
       140
       155
       170
       185
       200
       215
       230
       245
       260
       275
       290
       305
       320
 1.00000000000000e+00        22
        36
        41
        48
        49
        52
        55
        66
       111
       126
       141
       156
       171
       186
       201
       216
       231
       246
       261
       276
       291
       306
       321
 1.00000000000000e+00        22
        37
        42
        49
        50
        51
        53
        67
       112
       127
       142
       157
       172
       187
       202
       217
       232
       247
       262
       277
       292
       307
       322
 1.00000000000000e+00        22
        38
        43
        46
        50
        52
        54
        68
       113
       128
       143
       158
       173
       188
       203
       218
       233
       248
       263
       278
       293
       308
       323
 1.00000000000000e+00        22
        39
        44
        46
        47
        53
        55
        69
       114
       129
       144
       159
       174
       189
       204
       219
       234
       249
       264
       279
       294
       309
       324
 1.00000000000000e+00        22
        40
        45
        47
        48
        51
        54
        70
       115
       130
       145
       160
       175
       190
       205
       220
       235
       250
       265
       280
       295
       310
       325
 1.00000000000000e+00        22
        46
        51
        58
        59
        62
        65
        66
       116
       131
       146
       161
       176
       191
       206
       221
       236
       251
       266
       281
       296
       311
       326
 1.00000000000000e+00        22
        47
        52
        59
        60
        61
        63
        67
       117
       132
       147
       162
       177
       192
       207
       222
       237
       252
       267
       282
       297
       312
       327
 1.00000000000000e+00        22
        48
        53
        56
        60
        62
        64
        68
       118
       133
       148
       163
       178
       193
       208
       223
       238
       253
       268
       283
       298
       313
       328
 1.00000000000000e+00        22
        49
        54
        56
        57
        63
        65
        69
       119
       134
       149
       164
       179
       194
       209
       224
       239
       254
       269
       284
       299
       314
       329
 1.00000000000000e+00        22
        50
        55
        57
        58
        61
        64
        70
       120
       135
       150
       165
       180
       195
       210
       225
       240
       255
       270
       285
       300
       315
       330
 1.00000000000000e+00        22
        73
        74
        77
        80
        91
        96
       101
       106
       129
       142
       160
       173
       191
       198
       215
       227
       244
       261
       285
       299
       313
       327
 1.00000000000000e+00        22
        74
        75
        76
        78
        92
        97
       102
       114
       122
       145
       158
       171
       185
       207
       214
       226
       243
       268
       277
       296
       315
       329
 1.00000000000000e+00        22
        71
        75
        77
        79
        93
        98
       103
       112
       130
       138
       156
       174
       184
       196
       223
       230
       242
       270
       284
       293
       312
       326
 1.00000000000000e+00        22
        71
        72
        78
        80
        94
        99
       104
       115
       128
       141
       154
       172
       183
       200
       212
       239
       241
       267
       281
       300
       309
       328
 1.00000000000000e+00        22
        72
        73
        76
        79
        95
       100
       105
       113
       126
       144
       157
       170
       182
       199
       211
       228
       255
       269
       283
       297
       311
       325
 1.00000000000000e+00        22
        71
        76
        83
        84
        87
        90
       101
       116
       125
       139
       153
       167
       186
       209
       222
       240
       253
       256
       278
       295
       307
       324
 1.00000000000000e+00        22
        72
        77
        84
        85
        86
        88
       102
       108
       132
       136
       155
       169
       194
       202
       225
       238
       251
       265
       272
       294
       306
       323
 1.00000000000000e+00        22
        73
        78
        81
        85
        87
        89
       103
       110
       124
       148
       152
       166
       192
       210
       218
       236
       254
       264
       276
       288
       310
       322
 1.00000000000000e+00        22
        74
        79
        81
        82
        88
        90
       104
       107
       121
       140
       164
       168
       195
       208
       221
       234
       252
       263
       280
       292
       304
       321
 1.00000000000000e+00        22
        75
        80
        82
        83
        86
        89
       105
       109
       123
       137
       151
       180
       193
       206
       224
       237
       250
       262
       279
       291
       308
       320
 1.00000000000000e+00        22
        81
        86
        93
        94
        97
       100
       101
       111
       133
       150
       162
       179
       181
       205
       219
       233
       247
       266
       274
       287
       305
       318
 1.00000000000000e+00        22
        82
        87
        94
        95
        96
        98
       102
       120
       127
       149
       161
       178
       188
       197
       216
       235
       249
       259
       282
       290
       303
       316
 1.00000000000000e+00        22
        83
        88
        91
        95
        97
        99
       103
       119
       131
       143
       165
       177
       190
       204
       213
       232
       246
       257
       275
       298
       301
       319
 1.00000000000000e+00        22
        84
        89
        91
        92
        98
       100
       104
       118
       135
       147
       159
       176
       187
       201
       220
       229
       248
       260
       273
       286
       314
       317
 1.00000000000000e+00        22
        85
        90
        92
        93
        96
        99
       105
       117
       134
       146
       163
       175
       189
       203
       217
       231
       245
       258
       271
       289
       302
       330
