       117
        27
 1.00000000000000e+00        13
         2
         3
         7
        10
        37
        38
        39
        40
        41
        42
        43
        44
        45
 1.00000000000000e+00        13
         1
         3
         8
        11
        46
        47
        48
        49
        50
        51
        52
        53
        54
 1.00000000000000e+00        13
         1
         2
         9
        12
        55
        56
        57
        58
        59
        60
        61
        62
        63
 1.00000000000000e+00        13
         1
         5
         6
        10
        64
        65
        66
        67
        68
        69
        70
        71
        72
 1.00000000000000e+00        13
         2
         4
         6
        11
        73
        74
        75
        76
        77
        78
        79
        80
        81
 1.00000000000000e+00        13
         3
         4
         5
        12
        82
        83
        84
        85
        86
        87
        88
        89
        90
 1.00000000000000e+00        13
         4
         8
         9
        10
        91
        92
        93
        94
        95
        96
        97
        98
        99
 1.00000000000000e+00        13
         5
         7
         9
        11
       100
       101
       102
       103
       104
       105
       106
       107
       108
 1.00000000000000e+00        13
         6
         7
         8
        12
       109
       110
       111
       112
       113
       114
       115
       116
       117
 1.00000000000000e+00        13
        14
        15
        19
        22
        37
        46
        55
        64
        73
        82
        91
       100
       109
 1.00000000000000e+00        13
        13
        15
        20
        23
        38
        47
        56
        65
        74
        83
        92
       101
       110
 1.00000000000000e+00        13
        13
        14
        21
        24
        39
        48
        57
        66
        75
        84
        93
       102
       111
 1.00000000000000e+00        13
        13
        17
        18
        22
        40
        49
        58
        67
        76
        85
        94
       103
       112
 1.00000000000000e+00        13
        14
        16
        18
        23
        41
        50
        59
        68
        77
        86
        95
       104
       113
 1.00000000000000e+00        13
        15
        16
        17
        24
        42
        51
        60
        69
        78
        87
        96
       105
       114
 1.00000000000000e+00        13
        16
        20
        21
        22
        43
        52
        61
        70
        79
        88
        97
       106
       115
 1.00000000000000e+00        13
        17
        19
        21
        23
        44
        53
        62
        71
        80
        89
        98
       107
       116
 1.00000000000000e+00        13
        18
        19
        20
        24
        45
        54
        63
        72
        81
        90
        99
       108
       117
 1.00000000000000e+00        13
        26
        27
        31
        34
        37
        51
        59
        70
        75
        83
        94
       108
       116
 1.00000000000000e+00        13
        25
        27
        32
        35
        42
        47
        58
        66
        80
        82
        99
       104
       115
 1.00000000000000e+00        13
        25
        26
        33
        36
        41
        49
        57
        65
        73
        90
        98
       106
       114
 1.00000000000000e+00        13
        25
        29
        30
        34
        43
        48
        56
        67
        81
        89
        91
       105
       113
 1.00000000000000e+00        13
        26
        28
        30
        35
        39
        53
        55
        72
        77
        88
        96
       101
       112
 1.00000000000000e+00        13
        27
        28
        29
        36
        38
        46
        63
        71
        79
        87
        95
       103
       111
 1.00000000000000e+00        13
        28
        32
        33
        34
        40
        54
        62
        64
        78
        86
        97
       102
       110
 1.00000000000000e+00        13
        29
        31
        33
        35
        45
        50
        61
        69
        74
        85
        93
       107
       109
 1.00000000000000e+00        13
        30
        31
        32
        36
        44
        52
        60
        68
        76
        84
        92
       100
       117
