        12
         9
 1.00000000000000e+00         4
         2
         3
         7
        10
 1.00000000000000e+00         4
         1
         3
         8
        11
 1.00000000000000e+00         4
         1
         2
         9
        12
 1.00000000000000e+00         4
         1
         5
         6
        10
 1.00000000000000e+00         4
         2
         4
         6
        11
 1.00000000000000e+00         4
         3
         4
         5
        12
 1.00000000000000e+00         4
         4
         8
         9
        10
 1.00000000000000e+00         4
         5
         7
         9
        11
 1.00000000000000e+00         4
         6
         7
         8
        12
